1 10.76 21.16 20.44 20.04 20.24 214.47 215.63 216.109 218.192
2 16.09 27.44 29.68 26.8 28.2 188.428 186.583 190.485 188.361
3 21.44 38.28 38.52 39.28 37.08 170.311 170.375 169.002 169.615
4 26.76 44.36 44.2 45.24 45.68 161.283 157.624 155.448 156.483
5 32.09 57.32 56.36 58.48 59.24 120.109 120.896 115.318 112.733
6 37.39 62.92 62.72 61.48 62.72 104.294 104.777 105.621 104.342
7 42.75 60.76 64.88 60.48 61.88 115.019 104.559 114.736 111.525
8 48.09 64.64 64.96 64.2 65.84 103.369 101.712 101.266 96.931
9 53.4 71.24 71.12 71.8 72.52 85.759 84.126 82.916 79.068
10 58.76 70.36 72.16 70.68 72.12 85.82 81.664 82.988 80.641
11 64.1 71.2 71.52 73.16 71.72 83.731 80.041 81.618 81.695
12 69.45 73.4 74.28 73.76 73.28 78.866 79.835 76.435 77.797
13 74.79 77.4 76.68 78.76 77.44 67.419 67.055 64.333 63.721
14 80.13 77.2 79.4 80.72 79.2 65.048 58.787 55.353 61.349
15 85.44 78.84 78.08 78.76 80.04 62.518 62.951 67.062 60.253
16 90.8 79.84 80.2 78.48 80.08 60.462 57.621 65.695 59.956
17 96.13 80.72 80.6 82.4 82.16 55.521 54.648 53.143 53.047
18 101.49 82 82.44 83.96 82.16 54.742 50.299 49.206 52.093
19 106.82 82.08 82.64 82.52 82.44 54.077 51.008 54.724 53.687
20 112.17 83.92 84.56 83.56 85.2 49.605 48.461 51.086 43.403
21 117.51 83.44 85.52 85.56 84.24 51.658 44.232 44.082 47.107
22 122.84 83.64 83.56 83.6 83.36 51.105 52.611 52.511 53.752
23 128.18 82.72 83.4 84.36 84.28 53.503 54.023 47.934 52.463
24 133.5 87.6 87.68 86.48 86.28 35.392 38.074 41.599 40.879
25 138.86 87.64 87.52 86.68 87.84 41.143 38.537 40.821 36.535
26 144.17 87.92 87.24 87.32 87.84 39.187 37.844 39.625 39.996
27 149.52 87.64 87.88 87.88 87.68 37.243 38.462 38.896 36.903
28 154.86 87.16 88.92 87.92 88.16 39.776 33.531 39.905 37.086
29 160.18 87.16 88.04 88.72 88.56 42.143 37.822 36.816 37.084
30 165.53 88.08 86.96 88.52 88.16 38.552 43.625 40.246 41.017
31 170.87 88.4 89.52 88.36 87.12 40.812 35.303 38.19 41.778
32 176.19 89.32 88.52 88.44 89.4 36.516 39.69 41.128 35.371
33 181.51 89.12 88.44 88.96 89.44 39.328 39.675 38.07 35.332
34 186.84 88.44 89.6 88.96 89.12 41.984 37.729 39.885 40.326
35 192.17 89.48 89.2 89.4 89.56 37.881 37.761 39.379 41.09
36 197.5 89.32 88.56 88.16 88.56 39.657 42.509 39.71 42.142
37 202.84 90.68 89.36 89.6 90.68 34.759 41.781 39.599 34.498
38 208.16 89.52 89.72 90.76 89.64 41.484 39.223 35.66 38.196
39 213.49 89.2 90.32 89.6 90.04 41.249 36.286 37.697 39.194
40 218.84 90.36 88.8 90.68 90.76 37.446 43.577 35.942 35.813
41 224.18 90.16 90.2 89.76 89.68 39.188 37.422 40.15 41.499
42 229.47 89.6 90.36 90.2 90.84 43.597 41.078 38.513 37.512
43 234.83 90.04 90.32 89.8 90.76 40.52 37.152 45.103 36.846
44 240.17 90.8 89.96 90.96 90.2 38.108 43.465 36.66 40.371
45 245.5 90.44 90.04 90.48 89.96 39.569 38.35 41.202 41.982
46 250.85 89.72 91.92 90.08 89.8 45.661 32.474 41.171 40.714
47 256.19 91 90 89.96 90.36 36.947 43.026 41.006 42.592
48 261.54 91.28 90.28 90 90.32 36.138 38.162 43.815 39.967
49 266.89 90.32 90.32 90.96 90.08 42.684 39.606 37.774 38.545
50 272.23 90.64 90.04 90.92 90.52 38.766 40.709 39.887 39.79
51 277.55 90.88 89.84 90.6 90.4 39.347 40.204 38.179 42.737
52 282.9 89.44 90.96 91.6 90.04 45.982 37.398 35.643 40.669
53 288.22 90.16 90.6 90.48 90.92 42.579 38.407 39.64 38.378
54 293.55 90.52 90.4 90.8 90.2 37.396 40.568 39.579 42.508
55 298.88 90.2 90.64 90.32 90.04 42.864 41.132 40.707 36.29
56 304.21 90.96 90.4 90.16 90.04 36.447 40.442 42.171 42.64
57 309.54 90.28 90.68 90.76 89.68 43.308 36.224 37.925 46.058
58 314.86 90.2 89.76 90.72 91.24 42.672 43.636 42.872 37.43
59 320.2 91.08 90.68 90.8 89.24 39.713 44.422 40.748 46.753
60 325.54 90.44 89.28 90.88 90.76 46.263 45.263 41.825 42.13
61 330.85 90.12 89.84 90.32 90.72 45.23 42.53 44.028 40.934
62 336.18 89.48 89.08 89.76 91.48 45.806 50.442 40.042 37.029
63 341.52 90.44 90.48 89 90.12 43.737 40.699 48.674 42.99
64 346.86 88.92 89.08 89.2 90.56 47.368 49.106 50.5 38.727
65 352.21 89.64 90.16 90 88.8 47.507 44.607 45.814 44.862
66 357.53 89.28 89.8 88.6 88.8 47.505 42.323 50.364 50.146
67 362.88 89.12 89.12 89.88 88.88 52.313 44.988 43.514 45.27
68 368.2 89.12 88.96 89.12 89.44 46.498 42.299 45.145 43.102
69 373.53 89.28 88.28 88.44 88.96 44.774 47.399 49.838 42.067
70 378.88 87.08 87.88 88.48 88.28 50.192 47.166 47.683 49.839
71 384.2 88.32 89.04 88.4 88.44 45.872 46.335 48.045 48.479
72 389.52 89.04 88.52 90.4 89 42.191 43.328 36.709 46.443
73 394.85 87.36 87.56 86.12 87.04 49.038 48.862 55.258 51.195
74 400.17 88.4 88.88 88.96 89.2 46.978 41.534 46.261 41.393
75 405.51 88.24 88.92 87.48 88.68 44.934 42.29 46.683 41.325
76 410.84 88.64 88.72 87.92 87.72 39.332 40.942 47.769 45.485
77 416.19 87.8 87.56 87.52 86.68 46.839 45.264 49.341 55.639
78 421.53 87.44 87.24 86.84 86.92 50.725 55.804 51.865 53.266
79 426.87 88.04 86.96 87.72 88 44.102 49.635 45.663 48.945
80 432.21 88.08 88.32 88.88 88.16 45.184 45.834 39.833 44.432
81 437.55 87.68 87.52 87.84 88.12 45.964 44.738 44.556 47.812
82 442.89 87.6 88.16 87.52 88.92 44.379 44.48 46.64 42.274
83 448.21 88.2 89.48 87.8 88 43.613 41.111 44.878 48.678
84 453.56 87.48 86.84 87.16 87.36 48.108 53.354 51.191 50.725
85 458.9 88.84 89.4 88.48 87.68 45.134 40.521 44.387 44.424
86 464.24 86.8 87.32 87.36 87.48 51.878 51.854 52.332 48.623
87 469.57 88.36 88.6 87.8 88.44 45.279 40.263 45.976 43.218
88 474.9 88.92 88.36 87.92 87.96 43.404 44.152 48.016 43.687
89 480.22 88.32 87.6 87.72 87.64 45.91 45.324 45.044 45.74
90 485.56 87.04 88.32 89.16 89 51.11 46.931 41.143 46.546
91 490.88 86.24 86.88 87.24 87.84 52.095 51.33 50.598 50.513
92 496.2 87.12 87.04 88 87.68 49.651 48.997 46.771 52.507
93 501.51 87.04 87.56 86.72 86.84 53.835 45.531 52.001 49.94
94 506.85 89.4 89.2 89 89.04 43.156 43.989 42.968 41.548
95 512.19 88.72 87.28 87.56 88.56 45.323 49.391 51.369 46.005
96 517.52 88.16 88.68 88.64 88.28 51.087 46.299 45.696 47.141
97 522.84 86.12 86.28 85.88 86 60.899 61.761 59.732 59.764
98 528.17 88.12 89.24 88.88 89.08 48.281 41.24 41.982 46.139
99 533.5 89.04 88.44 88.8 88.56 42.313 50.071 42.745 47.283
100 538.84 89.92 89.88 88.92 88.24 45.133 40.934 49.661 51.513
101 544.2 88.64 89.56 89.84 88.44 45.912 43.351 41.647 46.442
102 549.54 89.04 90.44 89.08 88.96 48.173 39.601 47.041 45.344
103 554.86 87.2 89 88.36 88.4 52.713 42.546 47.113 47.829
104 560.16 87.96 87.6 88.96 89.32 53.912 56.807 49.466 47.013
105 565.47 90.68 91.16 90.6 89 38.982 40.187 42.137 44.696
106 570.83 90.04 89.96 88.68 89.4 44.359 46.633 46.751 47.172
107 576.17 88.16 91.24 88.76 87.24 55.417 42.626 47.044 58.902
108 581.49 90.04 90.96 89.44 89.72 42.583 38.489 43.472 44.588
109 586.85 89.72 90.2 88.72 89.8 47.997 43.056 50.108 45.977
110 592.17 89.52 90.32 90.16 88.96 48.281 43.639 41.504 49.716
111 597.49 90.36 90.68 89.4 90.52 45.794 40.177 45.084 42.618
112 602.82 89.68 90.28 90.44 89.72 46.613 44.025 43.016 45.843
113 608.19 89.8 89.68 91.24 89.2 49.508 50.003 44.538 49.162
114 613.5 90.08 90.28 89.8 90.76 46.19 43.549 44.768 45.192
115 618.83 90.6 90.4 90.76 90.48 43.682 43.828 42.183 41.363
116 624.17 90.16 89.8 90.56 90.56 49.82 48.4 45.913 51.227
117 629.49 92.64 90.56 91 90.52 35.448 47.991 47.172 45.47
118 634.83 90.56 90.72 92 90.84 51.018 48.211 37.194 45.426
119 640.15 89.68 90.04 91.2 91.04 52.777 48.681 41.744 39.766
120 645.5 91.88 91.4 91.28 90.52 40.978 45.696 43.917 47.179
121 650.83 90.68 91.08 91.44 90.8 50.566 47.763 43.133 48.208
122 656.14 91.72 91.72 91.52 90.6 44.316 45.943 43.042 50.524
123 661.47 91.56 91.4 91.12 91.56 44.819 45.276 48.98 42.718
124 666.79 90.12 91.76 92.52 92.16 61.235 49.381 43.97 43.254
125 672.12 91.32 91.36 92.76 91.8 46.928 48.445 44.03 46.343
126 677.46 91.92 92.88 92.24 91.48 45.964 37.565 42.878 53.221
127 682.78 91.08 92.44 91.56 92.12 47.379 45.945 46.204 44.408
128 688.1 91.4 91.64 92.64 92.28 50.208 50.239 39.463 39.569
129 693.45 91.48 92.88 91.56 92.72 49.531 41.1 47.191 41.705
130 698.76 92.16 92.08 92.04 92.24 38.667 43.164 45.432 44.545
131 704.11 92.84 92.28 92.08 91.44 37.74 41.757 46.5 52.896
132 709.44 92 92 92.52 92.04 47.514 46.555 41.094 46.274
133 714.77 91.64 92.4 92.24 92.64 48.347 44.019 49 37.63
134 720.1 92.88 93.24 91.16 92.16 44.552 38.314 53.717 41.73
135 725.44 92.12 92.88 91.84 92.24 43.87 41.162 48.136 46.379
136 730.79 92.8 91.96 92 92.2 42.249 45.155 44.728 47.851
137 736.14 91.56 92.68 92.64 92.56 49.272 38.543 43.729 48.321
138 741.49 92.16 92.48 92 92.6 44.962 40.777 44.557 49.377
139 746.8 92.12 93.44 92.76 91.4 49.105 37.204 40.213 49.016
140 752.11 92.12 92.6 92 92.84 46.647 41.947 46.598 45.124
141 757.47 92.28 92.32 92.68 92.36 51.051 42.482 43.597 42.749
142 762.8 92.76 92.84 91.6 92.04 43.495 39.699 48.93 47.892
143 768.14 92 92.32 92.52 92.76 45.291 46.462 47.512 38.514
144 773.47 92 92.84 92.36 92.68 45.854 42.866 41.188 47.848
145 778.81 92.52 92.56 92.56 92.44 43.295 47.094 41.869 46.38
146 784.15 92.48 92.2 92.36 92.64 39.215 45.092 47.062 45.364
147 789.49 91.96 92.72 93.04 92.16 44.754 46.157 38.535 48.132
148 794.81 92.04 92.84 93 91.8 48.192 38.688 39.23 50.377
149 800.13 91.8 92.96 92.4 92.44 46.739 40.871 48.71 42.634
150 805.46 92.64 92.36 92 92.72 44.445 45.877 46.383 40.701
151 810.8 93 92.44 91.52 92.8 43.092 43.655 52.212 37.869
152 816.14 92.52 92.28 92.56 92.44 42.751 44.784 42.628 47.223
153 821.47 91.88 92.6 92.16 93.08 43.966 46.555 47.388 38.298
154 826.82 92.4 92.2 92.52 92.52 44.672 45.741 40.288 46.098
155 832.16 92 92.36 92.08 93.08 50.325 42.547 43.717 39.313
156 837.51 93.08 90.92 92.8 92.8 42.927 48.977 43.359 44.002
157 842.85 92.68 92.2 92.32 92.44 42.899 43.038 46.496 44.748
158 848.18 93.48 91.88 92 92.44 39.934 50.569 45.736 41.537
159 853.52 93.04 92.08 92.72 91.88 38.873 48.942 44.14 47.354
160 858.86 91.68 92.72 93.08 92.56 52.725 43.048 41.991 40.314
161 864.19 92.64 93.24 91.44 92.2 42.372 39.838 49.71 46.081
162 869.51 92.48 92.8 92.04 92.36 44.447 42.167 50.444 42.409
163 874.85 92.04 93.12 92.16 92.52 49.19 39.838 47.295 44.402
164 880.21 92.84 91.8 92.56 92.56 41.012 49.115 45.644 45.84
165 885.55 92.32 92.52 91.56 92.96 47.658 47.011 49.027 41.375
166 890.87 92.88 91.76 92.52 92.52 44.154 49.521 45.171 43.799
167 896.2 92.12 93.04 92.92 91.84 49.213 42.031 45.723 48.755
168 901.62 91.96 92.8 92.64 92.2 51.269 44.655 44.916 47.198
169 906.94 91.96 93.12 91.96 92.52 47.632 41.647 51.228 47.29
170 912.29 92.36 92.72 92.16 93.12 49.782 44.535 48.767 43.446
171 917.65 92.4 91.72 93.24 91.84 43.058 52.345 41.904 51.674
172 922.98 92.84 92.2 91.68 92.36 46.594 50.422 49.895 43.804
173 928.33 92.32 92.24 92.88 92.16 45.082 45.049 44.938 50.383
174 933.66 91.24 92.64 92 92.56 53.897 47.052 51.556 46.359
175 938.98 92.36 92.12 91.96 92.16 50.786 51.736 48.264 46.597
176 944.31 91.16 92.72 92 91.4 55.31 46.889 51.549 53.578
177 949.63 92.04 91.76 91.12 91.32 47.954 52.454 53.632 49.472
178 954.96 91.16 91.64 90.32 90.52 51.365 50.417 56.664 56.844
179 960.28 91.44 90.88 91.48 91.2 48.937 55.429 51.673 51.943
180 965.64 90.76 91.36 90.48 90.64 53.6 52.5 57.022 62.479
181 970.95 90 89.52 88.28 90.6 58.345 58 64.728 47.377
182 976.3 91.76 89.24 90.08 90.72 43.406 57.05 50.327 46.818
183 981.63 90.48 89.2 91.56 91.08 46.833 56.363 43.447 44.372
184 986.98 90.28 90.04 90.04 90.36 48.051 50.751 50.778 45.745
185 992.32 89.44 90.8 90.24 90.88 54.608 44.677 53.922 47.634
186 997.67 90.96 89.88 88.56 89.12 43.905 47.79 58.838 53.006
187 1003 90.12 89.96 89.56 91 48.59 48.488 53.66 45.936
188 1008.33 89.72 90.04 89.76 90.2 47.49 46.673 43.03 43.665
189 1013.65 89.12 89.08 88.68 89.08 53.956 52.778 51.227 55.59
190 1018.97 89.08 89.88 89.64 90.08 48.287 46.038 47.854 47.565
191 1024.27 88.96 89.72 89.36 89.92 54.633 53.024 54.519 46.745
192 1029.62 90.56 89.84 90.56 90.72 43.394 44.667 43.154 43.804
193 1034.95 88.8 90.6 89.12 89.08 59.931 42.712 53.761 59.341
194 1040.27 90.2 90.28 90.44 90 44.22 47.155 46.939 44.515
195 1045.58 90.16 89.64 90.52 89.68 44.823 50.604 47.433 48.401
196 1050.93 90 89.12 90.48 89.6 50.544 48.949 48.707 50.531
197 1056.27 88.76 89.44 89.84 90 51.097 47.738 45.737 46.125
198 1061.62 89.16 88.96 89.76 91.08 51.806 53.974 48.862 42.091
199 1066.94 90.36 89.04 89.64 89.72 38.802 44.207 46.447 45.953
200 1072.27 90.84 89.92 90.16 91.08 47.854 51.268 49.709 44.092
201 1077.6 89.4 88.64 90.92 89.12 49.572 54.917 42.775 48.997
202 1082.95 90.28 90.24 89.6 90.16 40.615 45.09 50.578 46.497
203 1088.25 89.24 89.64 88.92 89.44 48.399 51.559 51.446 53.193
204 1093.61 90.4 90.76 90.96 89.4 43.598 40.066 43.503 49.127
205 1098.93 89.32 90.12 89.28 89.32 51.649 45.899 51.864 56.113
206 1104.28 91 89.56 91.04 90.28 39.299 48.417 40.914 43.896
207 1109.62 90.4 90.04 90.04 91.44 49.751 45.36 52.584 42.791
208 1114.95 90.16 90.88 89.36 90.2 48.603 44.01 53.451 48.797
209 1120.28 89.76 90.52 90.88 90.52 49.255 44.451 48.489 44.689
210 1125.63 90.24 89.36 90.52 90.04 51.506 51.34 53.084 53.33
211 1130.95 91.76 89.92 90.88 90.24 40.09 49.574 47.301 51.173
212 1136.28 90.64 89.68 90.04 91.12 49.657 60.433 49.549 44.378
213 1141.62 90.68 90.52 91.52 90.28 45.281 49.429 41.163 50.943
214 1146.93 90.08 90.44 90.96 90.32 47.133 47.597 49.611 52.523
215 1152.27 90.84 90.88 90.2 90.12 44.54 52.829 53.938 50.755
216 1157.59 90.72 91.08 90.84 91.24 52.294 45.39 47.105 48.851
217 1162.94 90.68 91.36 91.16 91.28 48.819 44.24 40.802 46.175
218 1168.27 91.64 92 91.2 90.8 44.703 40.247 49.914 55.929
219 1173.61 91.96 91.12 90.76 91.36 44.392 50.263 51.905 51.811
220 1178.93 91.12 91.88 91.8 91.12 46.615 44.807 47.413 48.824
221 1184.25 91.92 91.24 91.32 92 44.863 46.636 51.078 43.888
222 1189.59 91.96 91.64 91.12 90.72 45.954 45.141 52.408 50.658
223 1194.92 91.64 92.6 91.48 91.56 48.812 43.262 45.919 48.17
224 1200.27 91.56 92.04 92.24 91.56 50.743 44.076 41.765 48.809
225 1205.59 91.52 91.52 92.64 90.92 52.503 52.722 40.468 51.886
226 1210.92 92.96 91.96 91.96 91.36 44.421 45.46 49.309 48.347
227 1216.24 92.56 92.56 91.24 92.28 44.153 38.677 59.579 46.271
228 1221.56 92.08 92.08 92.36 91.6 47.097 46.335 44.189 50.34
229 1226.89 91.64 92.92 92.56 91.8 50.046 41.621 44.943 49.655
230 1232.19 91.76 92.2 92.08 92.88 49.249 44.916 44.359 41.593
231 1237.53 91.8 92.88 91.92 92.4 49.969 43.716 45.13 47.99
232 1242.87 92.12 91.4 92.76 92.36 43.703 52.897 43.364 44.584
233 1248.22 92.96 92.2 92.32 92.6 41.06 46.468 45.838 47.18
234 1253.54 92.04 92.44 92.6 92.64 45.699 44.576 43.922 45.563
235 1258.89 92.88 92.28 93.28 91.72 42.47 45.69 37.903 52.691
236 1264.22 92.48 92.88 92.2 92.72 41.385 45.563 45.48 46.089
237 1269.56 92.36 92.28 92.36 93.16 43.798 45.881 46.125 40.632
238 1274.89 92.72 92.2 92.56 92.4 42.454 48.009 42.716 43.724
239 1280.2 92.76 92.4 92.36 92.44 43 48.383 40.211 44.34
240 1285.54 91.64 93.12 93.04 91.88 48.552 42.128 37.989 50.362
241 1290.89 92.44 92.6 92.6 92.72 48.001 43.862 45.06 39.761
242 1296.22 92.36 92.44 92.8 92.48 46.381 42.929 43.541 44.135
243 1301.55 92.84 92.16 92.76 92.56 43.429 47.626 39.922 46.38
244 1306.89 92.56 93.16 92.4 92 43.355 38.599 46.503 47.272
245 1312.26 91.96 92.48 92.68 92.72 48.046 45.066 43.864 40.028
246 1317.58 92.76 92.2 92.76 92.36 43.681 47.801 40.009 44.891
247 1322.92 92.4 92.48 92.52 92.96 47.384 45.941 45.857 37.202
248 1328.29 92.36 92.52 92.2 92.8 44.138 45.379 46.35 42.174
249 1333.63 92.68 92.28 92.28 92.84 45.783 44.295 44.104 41.126
250 1338.97 93.2 92.16 92.2 92.64 40.132 43.027 46.212 46.033
251 1344.29 92.48 93.28 92.12 92.24 47.172 39.844 44.106 45.405
252 1349.62 92.72 92.12 92.72 92.48 40.775 49.31 46.043 41.624
253 1354.95 92.96 92.64 91.68 92.96 45.189 44.016 44.591 44.053
254 1360.25 92.4 93.24 92.44 91.72 42.11 37.005 49.111 49.667
255 1365.59 92.6 92.56 93.32 91.28 44.414 42.276 39.894 50.91
256 1370.93 92.6 92.24 93.28 92.2 44.015 45.899 36.526 51.036
257 1376.26 92.76 92.28 92 92.68 41.594 44.436 47.662 41.337
258 1381.59 92 92.52 92.32 92.92 47.916 44.27 40.791 43.185
259 1386.94 92.68 92.6 92.72 92.2 39.94 46.65 44.96 43.56
260 1392.32 91.8 92.68 92.84 92.68 51.111 45.288 41.778 41.467
261 1397.66 92.44 92.4 92.16 93.04 42.959 45.003 46.133 42.088
262 1403 93.08 92.96 91.92 92.08 41.2 42.311 46.001 48.568
263 1408.33 91.92 92.36 93.24 92.92 44.591 45.985 38.758 45.564
264 1413.64 92.92 91.6 92.48 93.32 42.421 48.125 50.202 36.403
265 1418.98 92.8 91.68 93.56 92.32 45.146 48.739 39.438 46.879
266 1424.3 93.44 91.88 93.04 91.8 41.667 48.209 43.416 47.423
267 1429.64 92.68 93.24 92.04 92.44 45.604 41.21 48.458 44.185
268 1434.99 92.2 92.84 92.88 92.56 50.002 44.642 41.149 45.845
269 1440.32 91.76 92.32 93.12 92.2 50.894 47.316 43.512 46.687
270 1445.66 92.84 92.44 93.16 92.04 43.017 46.969 40.085 54.567
271 1450.99 92.88 92.4 92.32 92.68 45.686 44.85 48.215 43.405
272 1456.33 92.72 92.76 91.84 93.04 39.166 47.067 52.777 41.222
273 1461.67 92.96 92.6 92.64 92.04 47.509 47.988 42.934 46.125
274 1467.03 94.12 91.72 92.68 92.16 37.748 50.368 43.067 48.278
275 1472.36 92.72 91.92 91.92 93.24 43 53.38 48.33 42.858
276 1477.68 92.36 92.92 92.08 92.28 44.588 45.163 47.046 46.732
277 1483.01 91.72 92.04 92.28 91.92 50.217 44.623 49.557 48.324
278 1488.34 91 92.44 92.52 92.32 54.02 50.048 44.196 42.955
279 1493.69 92.68 91.48 91.32 92.12 49.142 50.762 57.468 47.693
280 1499.04 91.16 91.64 91.72 91.4 50.537 48.807 49.296 51.142
281 1504.38 91.64 90.84 91.64 91.92 54.224 56.965 51.398 48.579
282 1509.69 92 91.16 91.08 90.56 43.055 52.964 53.473 51.947
283 1514.99 90.64 91.32 91.36 89.6 54.154 47.856 46.28 56.096
284 1520.33 90.32 90.72 90.4 90.8 56.03 54.352 52.368 48.559
285 1525.64 90.08 91.16 90.16 91.92 57.369 48.699 59.66 43.948
286 1531.01 91.04 90.52 90.08 90.48 50.011 55.402 54.841 50.912
287 1536.36 89 90.24 89 90.24 54.141 53.408 57.752 55.56
288 1541.68 90.12 90.52 90.16 89.92 48.42 49.823 53.839 55.901
289 1547.02 88.88 89.92 90.08 89.84 57.741 54.121 49.261 51.052
290 1552.35 89.76 89.64 90.08 90.24 51.632 47.994 50.484 47.04
291 1557.68 89.6 90.08 90.4 88.68 55.623 50.208 47.658 58.36
292 1563 90.36 90.32 89.68 90.36 43.784 42.783 50.588 44.638
293 1568.35 89.48 89.92 89.68 89.2 47.28 52.337 53.13 50.873
294 1573.68 90.8 90.32 90.6 90.24 45.578 44.923 49.172 46.871
295 1578.99 90.72 89.56 90.44 90.48 44.828 49.892 44.624 48.214
296 1584.33 90 89.92 89.24 90.16 50.319 56.102 53.074 53.514
297 1589.67 90.32 90.2 89.96 90.4 49.39 47.507 46.493 44.679
298 1595.02 90.88 90.24 89.4 90.28 39.72 46.702 54.591 50.602
299 1600.36 90.28 91 89.8 89.44 48.177 48.281 50.325 50.654
300 1605.68 90.68 89.04 90.16 90.72 43.578 52.615 43.506 43.994
301 1611.03 90.8 89.52 90.08 91.28 46.165 53.103 54.585 46.32
302 1616.36 90.16 89.92 90.6 90.84 50.911 49.995 44.093 45.305
303 1621.68 90.8 90.36 90.52 90.24 47.878 53.693 45.968 50.279
304 1627.03 89.56 90.88 89.84 90.88 50.925 47.658 51.171 44.788
305 1632.33 89.12 89.72 91.24 89.72 48.752 48.982 46.618 46.875
306 1637.67 90.48 89.6 89.4 89.6 46.617 53.412 57.65 52.58
307 1642.98 91.64 91.44 90.68 91.8 37.452 44.023 47.424 39.131
308 1648.33 91.76 90.04 90.64 91.04 38.346 47.487 43.991 46.019
309 1653.67 90 91.16 89.56 90.64 46.951 47.888 51.397 41.77
310 1659.01 91.12 90.72 90.76 89.8 44.327 49.705 44.981 51.327
311 1664.35 90.6 90.68 90.56 91.32 50.463 52.218 49.94 43.163
312 1669.69 90.12 90.6 91.6 91.56 55.134 48.169 43.906 45.926
313 1675.04 90.88 91.52 90.72 92 47.054 42.196 51.868 42.28
314 1680.39 91.44 91.24 91.36 90.84 49.969 45.349 46.091 46.005
315 1685.72 91.2 92 91.4 91.2 45.299 41.798 46.302 47.776
316 1691.04 90.52 91.52 91.16 90.96 53.418 46.491 49.118 51.038
317 1696.37 91.24 90.96 91.8 91.04 48.541 53.018 42.482 45.644
318 1701.69 91.96 91.32 90 91.84 42.207 48.467 52.169 46.537
319 1707.01 91.6 90.96 91.64 91.32 46.228 51.314 48.943 50.844
320 1712.37 91.84 91.32 92 92 42.506 50.093 45.918 43.094
321 1717.69 91.6 92 91.8 92.6 44.823 47.188 44.607 48.467
322 1723.05 92.28 92.44 92.12 91.92 52.357 45.006 40.355 50.215
323 1728.4 92.64 91 92.24 92.32 46.552 51.696 44.841 40.133
324 1733.74 92.56 92.56 92.36 91.76 43.306 42.226 39.74 49.777
325 1739.09 92.4 92.12 92.68 92.44 40.704 49.061 42.357 41.68
326 1744.42 92.68 92.52 92.36 92.04 37.194 43.505 47.757 45.414
327 1749.76 93.04 92.36 91.88 92.68 37.68 40.525 47.029 48.122
328 1755.06 92.44 93.64 92.28 92.4 47.603 37.068 48.635 39.692
329 1760.41 93.36 92.4 93 92.76 39.206 47.115 39.916 45.457
330 1765.76 92.88 92.68 93.28 92.32 41.722 44.759 39.758 45.986
331 1771.1 92.88 92.12 93.08 92.64 39.908 46.041 43.18 46.548
332 1776.44 92.84 93.44 92.96 92.96 51.367 36.439 43.608 37.573
333 1781.78 93 93.88 92.88 92.2 42.597 36.312 38.343 49.375
334 1787.11 93.12 92.68 92.44 93.56 39.987 42.569 49.794 38.77
335 1792.45 94 91.72 93.08 92.96 39.806 49.667 40.966 40.177
336 1797.82 93 92.36 93.36 93.2 41.566 46.714 35.168 44.49
337 1803.12 93.64 93.56 92.04 93 41.942 40.384 42.799 43.562
338 1808.45 93.36 92.92 93.36 92.28 40.607 42.858 35.549 50.353
339 1813.79 92.76 93.2 93.16 92.8 40.538 43.568 43.651 42
340 1819.12 93.2 92.52 92.96 93.72 42.74 43.51 42.22 39.597
341 1824.44 92.64 92.6 93.16 93.84 42.285 46.005 42.92 37.192
342 1829.76 93.08 92.84 93 92.84 41.276 45.479 39.369 43.8
343 1835.09 93.36 92.64 93.28 93.2 39.694 46.326 39.184 42.327
344 1840.4 93.24 91.96 93.44 93.8 39.055 49.181 43.005 36.456
345 1845.72 93.04 93.4 93.2 92.76 44.459 37.669 45.161 40.904
346 1851.06 92.88 93.12 92.8 93.36 44.24 39.187 42.614 42.785
347 1856.39 93.04 93.24 92.84 93.32 43.854 37.336 47.932 38.856
348 1861.74 92.92 92.24 93.68 93.64 46.12 43.628 38.851 38.856
349 1867.07 93.24 93.48 93.6 92.64 41.7 38.835 41.587 44.786
350 1872.4 92.68 93.16 93.56 93.32 45.455 40.338 40.471 40.543
351 1877.73 93.24 93.4 93.2 92.36 42.686 39.083 43.167 42.667
352 1883.07 93.28 93.44 93.16 92.56 41.502 42.894 40.116 43.588
353 1888.37 93.16 92.72 92.48 93.64 39.171 42.413 45.984 39.463
354 1893.69 92.56 93.32 93.48 92.96 42.806 39.106 41.52 43.438
355 1899.03 93.32 93.12 93.28 92.8 41.025 38.385 41.561 46.581
356 1904.37 92.84 92.84 93.44 93.08 40.582 43.82 39.975 42.882
357 1909.72 92.72 93.68 93 93.16 43.826 42.405 39.841 40.983
358 1915.06 93.2 93.64 92.64 92.52 44.872 36.275 44.256 43.244
359 1920.4 92.92 92.8 94.08 92.68 42.383 43.756 38.72 43.226
360 1925.74 92.92 91.88 93.16 94.52 45.807 49.576 41.077 31.539
361 1931.07 93.28 93.04 92.52 93.32 41.125 42.923 47.874 37.729
362 1936.39 93.64 91.84 93.24 93.64 39.185 51.817 40.873 36.757
363 1941.73 92.96 92.36 93.04 93.96 44.182 49.513 39.636 35.065
364 1947.06 93.52 92.6 92.6 93.36 39.595 43.707 42.7 39.587
365 1952.38 92.4 93.4 93.32 93.56 44.743 43.557 42.149 37.112
366 1957.73 94 92.88 92.96 92.76 35.111 43.915 42.126 45.679
367 1963.07 92.8 93.6 93.16 92.68 44.666 39.232 43.764 40.76
368 1968.39 92.6 93.32 92.76 93.64 43.467 43.216 41.171 40.102
369 1973.71 93.04 93.88 93.72 92.2 39.314 40.532 44.227 47.227
370 1979.02 93.08 92.76 93.48 93.28 42.29 43.105 43.536 39.586
371 1984.38 93.8 93.04 92.96 92.68 39.229 42.705 40.565 46.318
372 1989.72 92.28 92.48 93.64 93.48 48.085 45.398 35.955 40.599
373 1995.06 93.12 93.44 92.4 93.6 45.816 35.514 52.053 40.288
374 2000.38 93.48 92.72 92.36 92.88 39.224 43.038 48.078 42.934
375 2005.72 92.92 93.56 92.24 92.6 46.972 34.837 47.196 46.93
376 2011.06 93.84 93.4 92.56 92.32 37.62 40.652 46.395 44.656
377 2016.41 93 93.44 92.84 92.64 37.729 40.806 45.373 48.534
378 2021.74 93.52 93.8 92.08 92.16 39.44 43.67 47.673 46.757
379 2027.05 92.32 92.88 93.24 93.44 49.058 43.421 46.412 41.512
380 2032.4 91.64 91.56 91.64 92 53.904 54.31 55.22 47.2
381 2037.73 91.08 91.92 91.92 91.44 58.084 51.065 49.621 53.082
382 2043.04 91.64 91.52 90.72 91.32 46.785 52.074 52.167 49.995
383 2048.37 91.84 91.16 92.24 92.2 48.093 49.005 45.601 44.913
384 2053.71 90.92 91.72 91.44 90.6 53.27 45.036 52.311 52.659
385 2059.05 90.16 91.4 90.32 90.16 58.794 50.964 52.497 56.013
386 2064.39 90.96 91 91.28 90.08 50.692 49.211 49.087 48.683
387 2069.69 89.36 89.72 89.48 88.56 54.366 49.516 51.408 61.073
388 2075.04 91.52 91.6 90.92 90.2 42.251 40.735 48.451 53.415
389 2080.38 90.16 91.6 90.32 91.16 50.883 42.149 56.039 47.097
390 2085.71 89.52 89.96 89.76 90.68 51.354 50.519 56.013 46.412
391 2091.03 89.6 90.2 89.72 90.76 50.967 47.455 54.347 44.845
392 2096.37 90.52 91 89 89.76 48.554 46.69 57.677 49.991
393 2101.68 89.64 90.88 90.28 90.6 50.661 44.956 50.978 46.914
394 2107.03 90.16 91.04 89.96 91.68 47.517 44.222 54.108 41.251
395 2112.37 90.12 90.76 90.28 89.88 43.699 41.392 48.48 50.717
396 2117.69 89.32 89.44 89.16 90.12 52.554 50.61 49.694 45.336
397 2123.05 89.32 89.12 89.68 88.96 52.578 49.73 45.953 57.458
398 2128.39 89.96 89.36 89.76 89.72 49.441 48.683 51.664 52.314
399 2133.75 90.28 90.04 89.28 89.68 46.91 47.921 50.098 48.668
400 2139.07 90.36 89.24 89.28 89.52 48.889 50.48 55.115 54.903
401 2144.39 91.24 91.52 90.44 90.44 43.318 36.02 49.444 46.846
402 2149.73 91.88 91.44 90.48 90.92 42.189 40.924 50.104 44.569
403 2155.06 91.36 89.92 90.96 90.16 44.517 52.463 51.758 48.802
404 2160.4 90.32 89.92 91.04 89.4 45.539 48.394 43.27 49.6
405 2165.73 91.36 90.4 90.28 90.44 42.85 42.593 49.763 52.785
406 2171.08 90.84 90.68 90.52 90.08 48.712 46.886 46.861 51.042
407 2176.43 91.28 90.92 90.24 90.64 46.875 45.079 47.202 47.609
408 2181.75 90.08 90.52 90.92 90.76 51.573 48.691 48.67 49.918
409 2187.07 91.04 91.88 90.76 91.88 42.972 38.481 48.324 43.028
410 2192.39 90.52 92.24 91.8 91.92 47.52 39.604 42.856 43.163
411 2197.74 90.76 90.64 90.84 90.32 49.282 49.012 57.094 50.125
412 2203.06 91.76 91.52 91.24 91.72 47.549 43.486 48.166 44.552
413 2208.4 90.68 90.92 90.56 90.68 54.329 49.97 51.533 51.756
414 2213.78 90.84 91.24 91.52 91.6 48.75 44.93 40.412 44.591
415 2219.08 91.44 91.72 92 91.76 41.519 45.059 44.544 44.402
416 2224.42 92.48 92.04 91.8 92.52 40.838 43.161 45.793 39.508
417 2229.77 92.04 92.12 92.04 92.48 45.637 46.19 43.761 40.171
418 2235.1 91.12 93.16 92.64 92.12 49.966 37.205 39.703 46.31
419 2240.43 91.28 92 92 91.6 48.255 45.686 44.952 46.221
420 2245.77 92.92 92.68 91.84 93.16 40.197 39.72 45.709 39.123
421 2251.1 92.08 92.76 92.68 92.52 42.665 43.853 45.133 42.524
422 2256.43 93.4 92.48 92.4 92.08 37.336 44.176 48.206 42.887
423 2261.76 93.28 93.04 92.48 92.56 38.748 41.664 48.601 42.347
424 2267.08 91.88 92.6 93.36 92.52 48.67 46.295 37.647 41.789
425 2272.43 94 92.08 93.44 93.04 39.621 46.445 35.387 40.749
426 2277.76 93.36 93.64 92.68 92.8 44.964 40.15 43.182 39.911
427 2283.1 93.24 93.16 93.04 92.84 41.983 40.862 43.269 47.622
428 2288.42 93.64 92.48 93.28 92.68 39.019 47.889 36.813 46.248
429 2293.78 93.28 93.72 93.2 92.84 43.212 37.263 43.26 42.138
430 2299.08 93.28 93.2 93.6 93.36 43.704 44.375 36.34 43.394
431 2304.42 93.84 91.72 92.36 93.8 35.335 48.799 48.085 38.238
432 2309.75 93.48 93.04 93.36 92.84 39.212 42.847 39.955 47.003
433 2315.09 93.28 93.88 93.36 92.84 44.174 38.476 41.9 40.289
434 2320.44 92.8 93.68 92.68 93.68 42.68 38.743 46.723 37.881
435 2325.76 93.2 93.08 93.08 93.48 39.545 43.215 43.439 40.335
436 2331.14 93.48 92.76 93.04 94.48 40.408 43.654 46.291 33.862
437 2336.46 92.88 93.4 93.08 93.72 44.39 42.075 39.711 37.663
438 2341.82 93.76 93.2 93.44 93.2 41.33 40.045 43.073 38.813
439 2347.14 93.2 93.64 92.6 94.28 40.289 40.119 43.24 38.369
440 2352.46 93.28 94.24 92.96 93.72 45.271 33.588 40.444 44.927
441 2357.8 93.76 93.4 93.08 93.36 37.346 45.17 41.277 39.294
442 2363.16 93.72 93 93.8 93.2 37.943 45.87 38.329 41.617
443 2368.5 93.24 93.64 93.24 93.4 46.382 41.142 39.828 35.258
444 2373.82 93.2 93.68 93.28 93.24 41.584 38.506 42.254 41.564
445 2379.15 93.2 93.84 93.76 92.88 42.11 41.171 35.813 44.293
446 2384.49 93.88 93.52 93.4 93.12 40.814 39.023 42.172 39.724
447 2389.83 93.96 93.44 93.08 93.48 38.359 42.529 42.617 39.492
448 2395.16 93.08 94.2 93.32 93.16 42.689 38.063 38.973 42.377
449 2400.51 93.64 93.48 93.8 92.92 37.719 43.43 40.929 40.94
450 2405.84 92.6 93.88 93.24 93.68 41.316 38.322 41.994 38.192
451 2411.16 93.28 93.32 92.8 93.68 40.948 40.332 44.289 37.949
452 2416.49 93.88 93.6 93.2 93.36 36.356 38.909 42.814 44.583
453 2421.83 93.24 93.48 93.08 93.96 41.222 43.457 42.861 36.203
454 2427.15 93.6 93.88 93.48 93 40.701 37.029 38.049 44.888
455 2432.49 92.72 94.8 93.52 92.72 45.869 32.76 36.865 45.885
456 2437.83 93.44 93.52 93.64 93.56 37.794 40.71 41.46 42.257
457 2443.17 93.24 93.8 93.8 92.96 43.691 37.845 37.15 45.653
458 2448.51 93.76 93.52 93.28 93.28 39.566 40.813 45.585 39.705
459 2453.85 93.48 93.72 93.56 93.28 41.856 38.843 40.957 38.807
460 2459.2 92.92 93.16 93.64 93.72 40.709 46.734 42.48 33.437
461 2464.53 93.32 94.08 93.08 93.56 43.582 36.633 41.609 39.932
462 2469.86 93.4 93.84 93.52 92.84 40.456 37.071 46.302 39.953
463 2475.19 93.76 93.4 93.16 93.32 40.866 37.244 42.423 43.173
464 2480.49 93.88 92.96 93.72 93.56 38.958 42.872 37.53 42.561
465 2485.81 93.76 93.08 93.16 93.68 42.143 40.25 38.715 40.61
466 2491.12 93.52 93.28 93.12 93.76 40.359 39.508 45.541 38.518
467 2496.48 94.04 92.44 94.12 93.12 37.866 49.958 34.053 45.669
468 2501.79 93.4 93.52 93.4 93.56 47.662 40.637 41.898 34.109
469 2507.13 94.36 93.76 93.12 91.96 38.99 38.062 41.84 48.072
470 2512.46 93.6 94.16 92.92 92.8 41.108 38.59 42.287 44.21
471 2517.79 93.52 93.76 92.76 93.32 40.339 38.898 43.091 42.52
472 2523.13 93.8 92.16 93.64 93.72 40.04 47.341 41.059 38.824
473 2528.47 93.76 93.12 92.8 93.68 42.034 41.879 45.315 36.87
474 2533.83 93.24 93.56 93.4 93.32 41.298 39.391 41.741 42.537
475 2539.18 92.88 93.2 93 94.04 45.657 43.424 43.116 36.73
476 2544.52 93.32 93.68 93.6 92.92 44.013 42.206 38.908 46.656
477 2549.84 93.64 93.08 93.12 93.6 43.064 42.476 46.368 40.098
478 2555.18 92.76 93.4 92.8 92.56 39.371 41.45 43.44 48.531
479 2560.51 93.32 92.28 92.96 93.48 45.414 46.696 42.006 44.45
480 2565.82 93.48 92.36 91.92 92.96 35.473 51.301 52.494 44.738
481 2571.15 92.72 92.08 92.92 92.88 42.643 52.822 41.458 41.94
482 2576.5 91.52 91.6 92.04 91.84 49.02 55.765 51.054 48.127
483 2581.83 91.52 91.72 91.48 91.48 48.627 51.281 53.727 53.2
484 2587.21 90.92 90.76 91.2 92.56 51.679 50.337 48.696 42.833
485 2592.54 91.56 91.96 91.52 89.88 47.054 49.094 43.679 51.075
486 2597.88 90.68 90.68 91.16 90.48 48.298 53.9 42.623 45.751
487 2603.21 91.08 90.4 91.2 91.36 47.624 46.09 46.8 48.918
488 2608.52 91.12 90.32 90.6 90.48 50.391 53.768 49.884 53.256
489 2613.85 90.8 90 91.4 91.76 46.732 50.696 41.388 43.546
490 2619.21 90.76 90.16 90.04 89.92 46.642 48.588 48.691 46.671
491 2624.55 89.68 89.8 90.48 89.6 48.282 51.927 44.867 53.324
492 2629.88 89.72 90 89.8 88.64 54.287 55.503 52.582 54.973
493 2635.2 89.36 89.92 90.2 88.32 53.308 49.772 48.027 57.63
494 2640.59 90.2 90.16 89.04 91.2 51.725 53.285 59.099 43.586
495 2645.92 91.32 90.36 90.16 90.28 43.089 49.271 52.474 48.454
496 2651.27 90.76 91.24 90.64 90.6 44.028 40.164 45.265 45.318
497 2656.61 89.48 91.2 90.28 90.32 49.751 39.564 45.707 44.005
498 2661.94 90.2 90.52 90.12 90.04 48.859 47.298 50.466 50.906
499 2667.27 90.6 89.8 91.4 91.88 43.236 50.343 46.262 43.208
500 2672.61 90.28 90.08 90.48 90.6 38.022 53.745 48.318 45.571
501 2677.96 90.32 91.8 91.92 90.6 46.969 41.195 38.681 47.047
502 2683.29 89.8 88.8 90.68 90.6 49.003 56.403 44.886 47.146
503 2688.64 90.92 90.76 89.96 91.4 43.898 46.769 54.39 45.106
504 2693.98 90.4 91.08 89.96 90.16 52.223 45.582 53.861 49.062
505 2699.29 90.4 92.6 91.16 91.16 50.13 36.994 39.767 40.646
506 2704.63 90.04 90.6 91.2 89.52 50.86 50.474 46.227 55.765
507 2709.97 90.64 90.96 91.08 91.36 45.124 45.785 44.577 40.704
508 2715.28 90.6 89.96 89.44 91 55.757 47.694 56.833 49.249
509 2720.62 91.44 90.36 92.2 91.28 44.257 46.843 39.817 46.206
510 2725.95 91.64 91.48 90.28 89.68 40.512 39.747 49.341 56.139
511 2731.28 90.6 91.8 91.24 91.04 49.297 45.642 50.239 42.675
512 2736.6 92.16 91.52 92.2 91.68 42.374 44.549 39.392 43.926
513 2741.9 91.96 91.84 91.56 90.68 41.449 40.887 45.292 46.617
514 2747.22 92.12 91.8 91.32 92.04 42.508 45.161 47.389 47.905
515 2752.55 92.68 91.52 92.28 91.76 45.175 47.583 40.081 43.484
516 2757.87 92.04 92.56 91.24 92.04 44.266 46.963 49.538 46.309
517 2763.19 91.16 92.4 91.32 91.96 49.268 39.33 45.141 43.478
518 2768.52 91.88 91.92 92.68 91.84 42.126 46.252 40.31 45.961
519 2773.85 92.8 91.84 92.12 92.2 40.525 43.053 40.314 40.701
520 2779.2 92.64 91.72 92.64 92.64 41.846 44.618 40.919 39.924
521 2784.56 92.28 92.2 92.76 92.52 41.218 48.992 44.686 41.468
522 2789.9 92.6 92.48 92.64 90.96 40.932 40.8 41.417 54.742
523 2795.24 92.92 91.96 92.28 92.84 40.924 51.725 43.553 39.69
524 2800.56 92.88 92.72 92.32 92.36 41.548 42.899 41.86 47.134
525 2805.92 94.16 92.32 92.04 92.44 34.607 47.135 50.018 46.966
526 2811.25 93.12 92.68 92.72 93.92 44.62 39.933 45.037 35.761
527 2816.59 92.8 92.4 92.68 93.48 43.642 44.012 44.84 36.3
528 2821.9 93.56 93.08 92.4 93 41.704 40.368 46.158 35.845
529 2827.25 93.8 92.92 93.2 92.84 34.058 42.549 42.388 42.004
530 2832.58 93.84 93.28 91.96 93.04 35.79 39.552 48.645 45.347
531 2837.91 92 94.32 93.36 92.44 45.773 37.753 37.59 44.732
532 2843.23 93.48 93.08 93.2 92.08 37.403 42.031 41.168 49.495
533 2848.6 92.68 92.84 93.28 93.48 44.44 43.855 38.077 40.452
534 2853.9 93.64 93.24 93.08 92.12 39.54 37.266 41.952 48.176
535 2859.22 93.08 93.68 93 92.88 44.683 35.94 43.604 40.223
536 2864.59 93.6 92.8 92.84 93.76 43.026 43.96 42.869 35.639
537 2869.94 93.76 93.4 93.48 92.68 38.972 37.251 38.893 47.076
538 2875.26 93.4 93.08 93.76 93.12 38.55 44.052 37.61 43.435
539 2880.58 92.88 93.56 93.28 93.64 42.09 39.492 41.509 39.553
540 2885.91 93.04 93.64 94.2 92.44 42.515 39.955 36.174 43.695
541 2891.26 93.2 92.72 93.44 93.88 36.888 44.342 46.387 35.775
542 2896.6 92.84 93.04 94.08 93.08 43.856 36.856 40.089 41.996
543 2901.91 93.88 92.44 92.84 94.32 39.25 45.057 45.069 34.25
544 2907.25 93.6 93 92.68 94.08 38.726 46.053 44.112 34.597
545 2912.57 92.68 94.4 92.8 93.44 44.099 32.512 45.914 42.199
546 2917.91 93.6 93.2 93.4 93.24 38.948 42.85 37.579 41.733
547 2923.24 92.8 93.24 93.72 93.6 39.868 41.932 41.988 40.055
548 2928.59 93.28 92.84 93.88 93.48 45.279 43.04 37.888 36.565
549 2933.92 93.32 93.04 93.36 93.56 43.426 41.879 38.565 39.572
550 2939.23 93.2 93.8 93.16 92.96 38.387 36.076 44.804 41.902
551 2944.58 93.08 93.92 92.92 93.48 44.159 36.406 43.213 37.861
552 2949.91 93.4 93.84 92.68 93.64 40.275 37.809 49.159 35.402
553 2955.22 93.36 93.36 93.72 93.12 44.916 39.819 38.123 40.581
554 2960.53 93.68 93.32 93.44 93.16 35.237 37.68 44.221 45.16
555 2965.88 93.64 93.24 93.16 93.08 37.647 46.816 40.021 39.593
556 2971.18 92.76 93.56 93.48 93.68 42.471 38.42 41.779 37.911
557 2976.52 93.6 93.36 92.92 93.56 41.496 42.499 37.803 40.496
558 2981.88 92.68 93.36 93.08 94.48 44.251 37.754 43.843 34.585
559 2987.23 93.68 92.92 93.24 93.72 40.652 43.894 40.872 36.32
560 2992.56 93.88 92.8 93.36 93.16 40.777 40.957 36.836 42.8
561 2997.87 93.68 92.84 93.56 93.48 37.778 45.636 42.089 36.245
562 3003.22 93.52 93.12 93.16 94.08 39.299 41.834 42.951 36.626
563 3008.58 93.52 93.8 92.84 93.64 39.304 37.119 46.418 39.198
564 3013.92 93.04 93.24 94.04 93.48 40.748 40.399 35.275 43.604
565 3019.23 93.48 93.72 93.88 92.48 43.724 37.99 35.594 45.701
566 3024.55 92.6 92.88 94.04 93.8 43.035 45.333 38.747 35.33
567 3029.88 95 92.64 93.24 92.64 29.18 47.191 41.447 45.035
568 3035.22 93.56 93.88 92.64 93.4 35.287 36.586 48.417 41.672
569 3040.53 93.28 92.56 93.12 94.56 44.141 42.397 41.41 32.811
570 3045.88 93.16 93.28 93.04 93.68 36.622 39.869 43.062 42.764
571 3051.23 93.2 93.52 93.8 92.72 38.911 42.024 37.815 43.431
572 3056.54 93.68 93.48 93.52 93 43.122 37.719 43.112 41.236
573 3061.88 93.16 93.6 93.16 93.24 37.397 40.272 41.087 43.423
574 3067.21 92.84 93.88 93.16 93.4 39.764 39.674 42.513 40.373
575 3072.54 93.08 93.84 92.84 93.68 41.4 33.529 49.041 39.854
576 3077.88 93.16 93.2 94.16 93.44 43.335 42.274 37.199 41.467
577 3083.2 92.92 92.92 92.92 93.92 47.022 46.638 43.576 33.997
578 3088.53 93.12 93.16 91.76 92.76 46.367 37.251 47.912 45.87
579 3093.88 92.88 92.88 93.08 93.28 42.798 42.52 43.235 45.699
580 3099.2 94.12 93.36 93.12 92.48 34.285 39.826 46.305 48.574
581 3104.56 93.36 93.2 92.92 92.28 41.639 40.564 47.265 50.133
582 3109.89 92.12 92.24 93.04 91.84 45.362 47.244 45.342 53.176
583 3115.2 92.92 91.6 92.92 91.44 41.701 49.578 45.25 45.406
584 3120.54 91.08 90.72 91.96 91.64 52.203 54.541 53.06 44.752
585 3125.87 90.4 91.96 91 92.16 55.328 42.601 52.601 47.161
586 3131.19 90.64 90.92 90 90.04 51.36 46.47 57.838 56.552
587 3136.52 90.36 90.68 90.56 90.8 48.448 46.535 51.478 44.608
588 3141.85 91.6 91 90.32 90.56 45.999 49.199 48.102 50.141
589 3147.19 92 91.08 90.12 91.08 42.067 47.303 47.785 48.509
590 3152.5 91.32 91.52 91.08 90.96 43.735 40.937 47.292 46.245
591 3157.86 89.84 89 89.92 91.84 49.911 57.704 44.949 37.77
592 3163.19 87.92 89.52 89.36 89.36 58.89 55.807 55.934 54.277
593 3168.52 89.28 90.2 90.08 90 49.755 48.99 46.501 50.552
594 3173.85 91.08 90.36 90.64 91.84 44.641 46.847 49.155 41.238
595 3179.19 90.68 89.04 90.32 91.36 45.038 54.278 49.76 44.986
596 3184.55 90.64 90.36 90.52 90.16 41.754 48.178 43.488 46.596
597 3189.88 89.52 91.4 89.84 91.24 51.362 45.251 48.762 39.584
598 3195.23 91.12 90.24 92 91.72 42.162 50.553 36.467 39.972
599 3200.55 89.72 89.24 90.48 89 52.67 54.601 48.321 58.085
600 3205.9 91.84 90.96 91.2 90.84 35.61 39.798 43.494 45.625
