1 12.43 19.04 18.16 17.96 17.28 265.109 263.048 254.637 270.111
2 24.28 19.88 21.32 19.48 19.96 212.433 209.854 227.766 214.455
3 36.17 27.24 26.04 29.2 26.56 221.392 204.802 202.539 216.098
4 48.05 33.52 34.16 31.48 34.72 180.223 178.248 181.657 175.521
5 59.97 38.12 37.16 37.88 39.32 170.16 166.167 165.709 164.274
6 71.83 36.8 35.8 35.8 37.4 176.527 178.282 179.343 175.176
7 83.7 36.6 38.8 37.64 36.2 189.988 187.509 194.868 183.91
8 95.58 45.2 45 46.2 47.4 149.69 149.038 146.788 144.592
9 107.42 47.28 46.28 47.96 49.52 144.773 147.609 142.7 142.392
10 119.29 52.08 52.56 51.76 50.96 134.125 132.373 131.736 138.94
11 131.15 51.4 52.08 52.16 52.56 139.787 136.327 135.775 138.506
12 143 54.08 55.52 55.72 55.28 124.636 127.051 122.529 124.821
13 154.88 57.16 60.12 59.28 58.6 121.612 115.44 115.675 115.648
14 166.75 59.04 57.84 58.92 59.96 118.403 124.975 116.833 119.682
15 178.61 57.12 56.72 57 58.36 127.006 126.718 127.247 123.259
16 190.43 59.32 58.52 58 58.68 121.934 124.07 128.201 121.404
17 202.25 58.52 60.44 61.24 58.64 152.659 142.541 159.676 141.575
18 214.17 66.36 65.4 66.12 66.04 97.58 97.163 94.798 95.424
19 226.09 67.32 67.92 67.92 69.04 91.024 90.868 90.866 88.474
20 237.97 69.32 70.48 68.72 69.76 89.71 85.054 91.44 86.056
21 249.81 69.44 71.68 71 69.12 87.61 81.153 82.543 88.104
22 261.65 66.32 68 66.92 68.08 94.086 90.008 96.467 92.937
23 273.52 71.16 71.68 73.16 71.6 82.008 78.968 74.155 79.65
24 285.33 73.96 74.56 72.8 72.36 70.458 74.651 75.624 80.817
25 297.2 74.12 73.56 73.28 75.48 74.052 73.564 78.809 71.544
26 309.06 75.6 75.88 75.04 74.32 71.811 69.377 71.541 71.637
27 320.94 76.32 77.84 76.8 76.04 69.695 65.133 67.152 68.517
28 332.81 73.8 77.16 73.96 75 74.456 67.872 73.964 71.853
29 344.65 75.44 78.88 79.44 77.88 71.479 59.725 61.89 65.734
30 356.54 76.64 75.92 77.48 76.52 65.604 69.528 64.621 67.066
31 368.44 77.4 78.32 77.84 76.16 69.399 63.722 65.374 68.282
32 380.3 79.4 77.16 78.64 77.16 63.861 67.814 64.478 64.277
33 392.12 78.76 78.72 78.16 78.76 63.174 62.222 62.755 60.137
34 403.96 79.6 79.28 79.44 80.16 59.405 60.907 61.873 60.031
35 415.81 79.68 80.28 80.28 81.04 58.914 57.857 58.738 58.041
36 427.73 79.56 79.48 80.4 79.48 60.221 60.818 61.302 58.01
37 439.57 81.68 80 80.32 81 51.759 57.82 58.813 55.168
38 451.47 79.68 80.4 81.24 81.24 61.053 56.677 56.735 54.664
39 463.33 9.76 9.12 10.88 10.24 nan nan nan nan
40 475.17 9.04 9.8 11 10.16 nan nan nan nan
41 487.04 9.8 8.64 11.64 9.92 nan nan nan nan
42 498.91 9.08 10 10.84 10.08 nan nan nan nan
43 510.76 10.28 10.08 9.64 10 nan nan nan nan
44 522.6 9.76 10.28 10.44 9.52 nan nan nan nan
45 534.46 9.8 10 10.28 9.92 nan nan nan nan
46 546.34 10.12 9.56 9.72 10.6 nan nan nan nan
47 558.21 10 10.8 9.84 9.36 nan nan nan nan
48 570.06 10.16 10.56 9.32 9.96 nan nan nan nan
49 581.96 9.8 9.84 9.8 10.56 nan nan nan nan
50 593.82 10 10.36 9.2 10.44 nan nan nan nan
51 605.67 10.44 10.04 10.48 9.04 nan nan nan nan
52 617.51 10.64 9.52 9.16 10.68 nan nan nan nan
53 629.42 10.4 9.56 9.68 10.36 nan nan nan nan
54 641.26 9.92 9.88 9.8 10.4 nan nan nan nan
55 653.03 10.08 9.8 9.96 10.16 nan nan nan nan
56 664.93 9.08 11 10.6 9.32 nan nan nan nan
57 676.81 9.68 10.2 9.84 10.28 nan nan nan nan
58 688.69 10.4 9.96 9.52 10.12 nan nan nan nan
59 700.55 9.28 10.16 10.52 10.04 nan nan nan nan
60 712.38 9.6 9.96 10.68 9.76 nan nan nan nan
61 724.23 9.44 10.72 9.4 10.44 nan nan nan nan
62 736.06 9.68 10 10.64 9.68 nan nan nan nan
63 747.92 9.96 9.76 10.44 9.84 nan nan nan nan
64 759.8 10.2 9.2 10.4 10.2 nan nan nan nan
65 771.66 9.6 10 10.24 10.16 nan nan nan nan
66 783.53 10.04 10 9.64 10.32 nan nan nan nan
67 795.41 10.4 9.72 9.08 10.8 nan nan nan nan
68 807.26 9.88 9 10.64 10.48 nan nan nan nan
69 819.08 10.16 9.2 10.44 10.2 nan nan nan nan
70 830.98 9.08 10.84 9.48 10.6 nan nan nan nan
71 842.84 10.24 9.6 9.68 10.48 nan nan nan nan
72 854.68 11.04 9.96 9.24 9.76 nan nan nan nan
73 866.51 9.76 10.64 10.08 9.52 nan nan nan nan
74 878.35 9.92 8.44 11.44 10.2 nan nan nan nan
75 890.27 9.36 8.96 11.4 10.28 nan nan nan nan
76 902.16 10.72 10.8 9.64 8.84 nan nan nan nan
77 914 9.96 9.36 10.6 10.08 nan nan nan nan
78 925.83 9.68 10.88 9.68 9.76 nan nan nan nan
79 937.74 10.04 10.24 9.68 10.04 nan nan nan nan
80 949.62 10.6 9.8 8.4 11.2 nan nan nan nan
81 961.49 9.6 9.96 10.16 10.28 nan nan nan nan
82 973.38 10.16 11 9.48 9.36 nan nan nan nan
83 985.24 9.36 10.24 10.48 9.92 nan nan nan nan
84 997.12 8.84 9.28 11.2 10.68 nan nan nan nan
85 1008.93 10.36 9.92 9.68 10.04 nan nan nan nan
86 1020.79 10.4 9.24 9.96 10.4 nan nan nan nan
87 1032.62 9.48 10.8 9.6 10.12 nan nan nan nan
88 1044.47 10.48 10 9.44 10.08 nan nan nan nan
89 1056.34 10 9.96 9.24 10.8 nan nan nan nan
90 1068.24 10.04 10.52 10.04 9.4 nan nan nan nan
91 1080.14 10.28 10.08 10.88 8.76 nan nan nan nan
92 1092 9.8 9.68 10.2 10.32 nan nan nan nan
93 1103.91 9.56 10.2 9.68 10.56 nan nan nan nan
94 1115.74 10.68 9.96 9.88 9.48 nan nan nan nan
95 1127.61 9.12 10.16 10.2 10.52 nan nan nan nan
96 1139.43 10.64 9.36 9.76 10.24 nan nan nan nan
97 1151.28 9.84 10.4 9.84 9.92 nan nan nan nan
98 1163.16 9.88 10.44 10.2 9.48 nan nan nan nan
99 1174.98 10.76 9.6 8.84 10.8 nan nan nan nan
100 1186.87 10.16 9.6 10.04 10.2 nan nan nan nan
101 1198.71 9.52 10.68 10 9.8 nan nan nan nan
102 1210.61 9.6 10.56 9.92 9.92 nan nan nan nan
103 1222.46 10.56 10.32 9.4 9.72 nan nan nan nan
104 1234.34 10.04 9.36 10.92 9.68 nan nan nan nan
105 1246.14 9.96 9.12 10.28 10.64 nan nan nan nan
106 1258.05 10.2 10.24 10.12 9.44 nan nan nan nan
107 1269.9 10.92 10 9.64 9.44 nan nan nan nan
108 1281.78 9.24 10.92 10.04 9.8 nan nan nan nan
109 1293.64 10.88 9.4 9.72 10 nan nan nan nan
110 1305.49 9.48 10.28 10.2 10.04 nan nan nan nan
111 1317.34 10.2 10.12 10.32 9.36 nan nan nan nan
112 1329.2 10.4 9.32 10.52 9.76 nan nan nan nan
113 1341.06 10.36 9 10.48 10.16 nan nan nan nan
114 1352.88 10.32 8.88 10.88 9.92 nan nan nan nan
115 1364.78 9.8 10.04 10.32 9.84 nan nan nan nan
116 1376.64 10.08 9.68 10.72 9.52 nan nan nan nan
117 1388.53 9.92 9.76 9.6 10.72 nan nan nan nan
118 1400.38 9.36 10.44 10.08 10.12 nan nan nan nan
119 1412.2 10.4 10.52 9.68 9.4 nan nan nan nan
120 1424.1 10.44 10.04 8.88 10.64 nan nan nan nan
121 1435.95 10.08 10.04 9.92 9.96 nan nan nan nan
122 1447.8 9.8 10.28 10.84 9.08 nan nan nan nan
123 1459.64 9.6 9.52 10.04 10.84 nan nan nan nan
124 1471.48 10.36 9.4 10.56 9.68 nan nan nan nan
125 1483.33 8.92 9.28 10.72 11.08 nan nan nan nan
126 1495.22 9.84 9.76 10.24 10.16 nan nan nan nan
127 1507.06 9.16 9.72 10.32 10.8 nan nan nan nan
128 1518.94 10.44 9.36 9.92 10.28 nan nan nan nan
129 1530.77 9.68 10.6 10.08 9.64 nan nan nan nan
130 1542.65 9.68 10.8 10.4 9.12 nan nan nan nan
131 1554.54 10.16 9.08 10.84 9.92 nan nan nan nan
132 1566.37 10.2 10.4 9.4 10 nan nan nan nan
133 1578.23 9.64 10.52 9.92 9.92 nan nan nan nan
134 1590.07 9.72 10.56 10.16 9.56 nan nan nan nan
135 1601.94 10.04 9.96 10.16 9.84 nan nan nan nan
136 1613.8 10.44 8.68 10.24 10.64 nan nan nan nan
137 1625.67 9.88 10.36 10.36 9.4 nan nan nan nan
138 1637.49 9.44 11.24 9.44 9.88 nan nan nan nan
139 1649.34 10.08 10.32 9.4 10.2 nan nan nan nan
140 1661.24 9.64 10 10.12 10.24 nan nan nan nan
141 1673.13 10.12 9.92 10.44 9.52 nan nan nan nan
142 1684.94 8.84 9.8 10.52 10.84 nan nan nan nan
143 1696.81 9.92 10.96 9.8 9.32 nan nan nan nan
144 1708.66 10 10.28 8.68 11.04 nan nan nan nan
145 1720.55 9.84 10.76 9.92 9.48 nan nan nan nan
146 1732.42 10.08 10.36 9.28 10.28 nan nan nan nan
147 1744.3 11.2 10 9.64 9.16 nan nan nan nan
148 1756.16 10 10.32 9.52 10.16 nan nan nan nan
149 1768 9.76 10.16 10.8 9.28 nan nan nan nan
150 1779.92 10.68 10.04 9.12 10.16 nan nan nan nan
151 1791.8 10.36 9.72 9.88 10.04 nan nan nan nan
152 1803.61 10.6 9.36 9.6 10.44 nan nan nan nan
153 1815.5 9.84 11 10.04 9.12 nan nan nan nan
154 1827.34 9.76 10.28 10.32 9.64 nan nan nan nan
155 1839.2 9.76 9.4 10.24 10.6 nan nan nan nan
156 1851.02 10.72 10 9.36 9.92 nan nan nan nan
157 1862.86 9.84 9.96 9.92 10.28 nan nan nan nan
158 1874.75 10.96 10.28 9.6 9.16 nan nan nan nan
159 1886.6 10.16 9.4 10.08 10.36 nan nan nan nan
160 1898.46 11.36 9.12 8.84 10.68 nan nan nan nan
161 1910.32 10.36 10.56 9.44 9.64 nan nan nan nan
162 1922.15 11.24 9.56 10.08 9.12 nan nan nan nan
163 1933.99 10 10.44 9.96 9.6 nan nan nan nan
164 1945.81 10.36 9.64 9.52 10.48 nan nan nan nan
165 1957.65 10.76 9.6 9.88 9.76 nan nan nan nan
166 1969.49 10.4 9.68 10.2 9.72 nan nan nan nan
167 1981.39 9.2 9.76 9.8 11.24 nan nan nan nan
168 1993.22 9.68 10.2 10.24 9.88 nan nan nan nan
169 2005.08 11.28 8.84 9.96 9.92 nan nan nan nan
170 2016.94 10 10.76 10.48 8.76 nan nan nan nan
171 2028.76 10.84 9.24 10.48 9.44 nan nan nan nan
172 2040.62 10.72 9.96 10 9.32 nan nan nan nan
173 2052.48 10.28 9.48 10.28 9.96 nan nan nan nan
174 2064.3 10.32 10.36 9.6 9.72 nan nan nan nan
175 2076.17 10.48 9.44 10.16 9.92 nan nan nan nan
176 2088.06 10.2 9.6 10 10.2 nan nan nan nan
177 2099.95 10.36 10.6 9.24 9.8 nan nan nan nan
178 2111.77 10.8 9.48 9.56 10.16 nan nan nan nan
179 2123.63 9.68 10.08 9.88 10.36 nan nan nan nan
180 2135.48 10 10.56 9.84 9.6 nan nan nan nan
181 2147.32 9.2 9.88 10.24 10.68 nan nan nan nan
182 2159.13 10.04 9.04 10.76 10.16 nan nan nan nan
183 2171.04 9.76 10.68 9.6 9.96 nan nan nan nan
184 2182.88 10.32 8.88 9.24 11.56 nan nan nan nan
185 2194.79 9.76 10.08 9.76 10.4 nan nan nan nan
186 2206.65 9.56 10 10.48 9.96 nan nan nan nan
187 2218.55 9.8 10.76 9.64 9.8 nan nan nan nan
188 2230.39 9.44 9.88 9.76 10.92 nan nan nan nan
189 2242.26 10.52 9.88 9.56 10.04 nan nan nan nan
190 2254.08 8.84 9.64 10.28 11.24 nan nan nan nan
191 2265.93 10.72 10.16 9.88 9.24 nan nan nan nan
192 2277.79 9.72 11.24 9.2 9.84 nan nan nan nan
193 2289.65 10.48 9.48 10.32 9.72 nan nan nan nan
194 2301.51 10.16 10.04 9.8 10 nan nan nan nan
195 2313.36 9.4 9.92 10.56 10.12 nan nan nan nan
196 2325.18 10.56 10.16 10.24 9.04 nan nan nan nan
197 2337.06 10.16 9.28 10.64 9.92 nan nan nan nan
198 2348.91 9.68 10.12 10.56 9.64 nan nan nan nan
199 2360.79 10.24 9.6 10.2 9.96 nan nan nan nan
200 2372.67 10.48 10.32 9.32 9.88 nan nan nan nan
201 2384.56 9.72 9.96 10.4 9.92 nan nan nan nan
202 2396.44 9.76 10.16 10.12 9.96 nan nan nan nan
203 2408.32 9.6 10.28 10.96 9.16 nan nan nan nan
204 2420.12 11.12 10.16 8.96 9.76 nan nan nan nan
205 2431.98 11.04 10.16 9.4 9.4 nan nan nan nan
206 2443.83 10.4 10.64 9.2 9.76 nan nan nan nan
207 2455.67 10.4 10.24 10.24 9.12 nan nan nan nan
208 2467.58 9.88 10 10.04 10.08 nan nan nan nan
209 2479.42 9.64 9.44 10.56 10.36 nan nan nan nan
210 2491.31 10.8 10.48 8.76 9.96 nan nan nan nan
211 2503.16 10 9.88 9.84 10.28 nan nan nan nan
212 2515.06 9.8 9.28 10.36 10.56 nan nan nan nan
213 2526.9 9.2 10.48 10.4 9.92 nan nan nan nan
214 2538.74 10.16 9.84 10.32 9.68 nan nan nan nan
215 2550.63 10.04 9.16 10.8 10 nan nan nan nan
216 2562.5 9.96 10.2 9.96 9.88 nan nan nan nan
217 2574.35 10.4 10.12 9.4 10.08 nan nan nan nan
218 2586.2 9.84 9.84 9.28 11.04 nan nan nan nan
219 2598.07 9.92 10.08 9.12 10.88 nan nan nan nan
220 2609.94 9.72 10.36 8.92 11 nan nan nan nan
221 2621.77 10.28 9.92 9.8 10 nan nan nan nan
222 2633.65 11.44 9.68 9.68 9.2 nan nan nan nan
223 2645.49 9.4 10.48 9.96 10.16 nan nan nan nan
224 2657.36 9.88 10.48 10.04 9.6 nan nan nan nan
225 2669.27 9.96 10.24 10.68 9.12 nan nan nan nan
226 2681.12 10.4 10.44 10.2 8.96 nan nan nan nan
227 2692.97 10.12 9.64 9.36 10.88 nan nan nan nan
228 2704.81 10.4 9.44 10.64 9.52 nan nan nan nan
229 2716.69 10.24 10 9.2 10.56 nan nan nan nan
230 2728.53 10.36 9.08 10.24 10.32 nan nan nan nan
231 2740.36 9.4 10.48 9.64 10.48 nan nan nan nan
232 2752.2 9.88 9.44 10.44 10.24 nan nan nan nan
233 2764.01 9.64 9.72 10.04 10.6 nan nan nan nan
234 2775.89 9.72 9.08 10.2 11 nan nan nan nan
235 2787.76 10.04 10.04 9.88 10.04 nan nan nan nan
236 2799.65 9.96 11.2 9.8 9.04 nan nan nan nan
237 2811.52 10.36 9.72 9.76 10.16 nan nan nan nan
238 2823.34 9.52 9.8 10.64 10.04 nan nan nan nan
239 2835.2 9.76 9.68 10.76 9.8 nan nan nan nan
240 2847.02 10.12 10.48 8.72 10.68 nan nan nan nan
241 2858.88 9.88 9.36 10.6 10.16 nan nan nan nan
242 2870.74 10.04 8.96 10.92 10.08 nan nan nan nan
243 2882.59 9.96 9.64 10.8 9.6 nan nan nan nan
244 2894.47 9.88 9.44 10.68 10 nan nan nan nan
245 2906.31 9.84 10.12 10.04 10 nan nan nan nan
246 2918.14 9.88 9.92 10.6 9.6 nan nan nan nan
247 2929.99 10.32 10.64 9.6 9.44 nan nan nan nan
248 2941.82 10.76 9.8 9.8 9.64 nan nan nan nan
249 2953.66 9.88 10.36 9.52 10.24 nan nan nan nan
250 2965.54 10.32 9.68 9.56 10.44 nan nan nan nan
251 2977.39 10.08 9.44 10.28 10.2 nan nan nan nan
252 2989.23 10.04 10.24 9.48 10.24 nan nan nan nan
253 3001.1 9.88 10.12 10.2 9.8 nan nan nan nan
254 3012.95 9.92 10.24 9.92 9.92 nan nan nan nan
255 3024.85 10.2 9.2 10.4 10.2 nan nan nan nan
256 3036.74 10.08 10.6 9.16 10.16 nan nan nan nan
257 3048.66 10.48 9.44 10.36 9.72 nan nan nan nan
258 3060.54 10.24 9.84 9.88 10.04 nan nan nan nan
259 3072.37 10.16 9.44 10.88 9.52 nan nan nan nan
260 3084.23 8.72 10.84 9.48 10.96 nan nan nan nan
261 3096.12 10.2 9.64 9.44 10.72 nan nan nan nan
262 3107.95 10.88 9.76 10.2 9.16 nan nan nan nan
263 3119.78 9.44 9.76 9.64 11.16 nan nan nan nan
264 3131.66 9.4 10.76 9.6 10.24 nan nan nan nan
265 3143.56 11.04 9.92 9.64 9.4 nan nan nan nan
266 3155.4 11.2 9.72 9.24 9.84 nan nan nan nan
267 3167.25 9.84 10.36 10 9.8 nan nan nan nan
268 3179.12 9.92 9.84 10 10.24 nan nan nan nan
269 3190.93 10.28 9.56 10.2 9.96 nan nan nan nan
270 3202.77 10.4 10.2 9.72 9.68 nan nan nan nan
271 3214.67 9.84 11 9.8 9.36 nan nan nan nan
272 3226.62 8.76 9.88 10.24 11.12 nan nan nan nan
273 3238.47 9.88 9.92 10.92 9.28 nan nan nan nan
274 3250.32 9.72 9.92 10.12 10.24 nan nan nan nan
275 3262.21 10.36 10.2 10.28 9.16 nan nan nan nan
276 3274.04 11 10.24 9.12 9.64 nan nan nan nan
277 3285.87 10.08 10 9.12 10.8 nan nan nan nan
278 3297.71 9.36 10.72 9.28 10.64 nan nan nan nan
279 3309.55 9.32 10.64 9.84 10.2 nan nan nan nan
280 3321.42 10.08 9.56 10.08 10.28 nan nan nan nan
281 3333.27 10.28 9.48 10.32 9.92 nan nan nan nan
282 3345.16 10.84 10.08 9.72 9.36 nan nan nan nan
283 3357.01 9.68 9.96 10.52 9.84 nan nan nan nan
284 3368.84 9.8 9.6 9.56 11.04 nan nan nan nan
285 3380.67 9.64 8.84 11.08 10.44 nan nan nan nan
286 3392.56 9.84 10.28 10.32 9.56 nan nan nan nan
287 3404.41 9.76 9.52 10.76 9.96 nan nan nan nan
288 3416.28 10.64 9.4 9.92 10.04 nan nan nan nan
289 3428.13 10.08 10.28 9.68 9.96 nan nan nan nan
290 3439.96 10.48 10.44 9.2 9.88 nan nan nan nan
291 3451.81 10.64 8.96 9.84 10.56 nan nan nan nan
292 3463.7 10.68 9.64 10.64 9.04 nan nan nan nan
293 3475.49 10.48 10.04 9.96 9.52 nan nan nan nan
294 3487.34 9.76 10.44 10.08 9.72 nan nan nan nan
295 3499.19 9.68 9.52 9.48 11.32 nan nan nan nan
296 3511.09 10.12 10.2 9.68 10 nan nan nan nan
297 3522.93 10.56 10.72 8.88 9.84 nan nan nan nan
298 3534.79 10.12 10 10.08 9.8 nan nan nan nan
299 3546.61 9.24 10.52 10.8 9.44 nan nan nan nan
300 3558.47 11 9.44 9.6 9.96 nan nan nan nan
301 3570.35 10.12 10.12 10 9.76 nan nan nan nan
302 3582.19 9.96 9.8 10.52 9.72 nan nan nan nan
303 3594.1 9.64 10.56 9.8 10 nan nan nan nan
304 3606.01 9.88 9.88 10.44 9.8 nan nan nan nan
305 3617.87 9.84 10.68 8.68 10.8 nan nan nan nan
306 3629.72 10.04 9.68 9.92 10.36 nan nan nan nan
307 3641.6 11.04 9.76 10.16 9.04 nan nan nan nan
308 3653.43 9 10.8 9.44 10.76 nan nan nan nan
309 3665.33 10.24 9.64 10.04 10.08 nan nan nan nan
310 3677.2 10.36 10.08 10 9.56 nan nan nan nan
311 3689.05 10.6 10.72 9.16 9.52 nan nan nan nan
312 3700.94 9.6 10.2 10.48 9.72 nan nan nan nan
313 3712.83 10.16 9.32 9.56 10.96 nan nan nan nan
314 3724.67 11.12 9.28 9.52 10.08 nan nan nan nan
315 3736.51 10.72 9.4 10.16 9.72 nan nan nan nan
316 3748.39 10.32 10.48 9.6 9.6 nan nan nan nan
317 3760.2 9.4 10.28 9.84 10.48 nan nan nan nan
318 3772.06 9.92 10.44 9.84 9.8 nan nan nan nan
319 3783.9 9.32 10.16 10.32 10.2 nan nan nan nan
320 3795.79 11.2 9.36 10.04 9.4 nan nan nan nan
321 3807.63 10.4 9.12 10.76 9.72 nan nan nan nan
322 3819.54 9.4 9.72 10.96 9.92 nan nan nan nan
323 3831.42 9.72 9.8 9.68 10.8 nan nan nan nan
324 3843.27 10.24 10.44 9.04 10.28 nan nan nan nan
325 3855.17 10.04 9.68 9.84 10.44 nan nan nan nan
326 3867.04 9.36 9.04 10.92 10.68 nan nan nan nan
327 3878.93 9.6 10.12 9.64 10.64 nan nan nan nan
328 3890.82 10.04 9.16 10.72 10.08 nan nan nan nan
329 3902.66 9.92 9.92 9.6 10.56 nan nan nan nan
330 3914.58 10.88 10.32 9.6 9.2 nan nan nan nan
331 3926.48 9.64 9.48 9.92 10.96 nan nan nan nan
332 3938.33 10.64 9.68 9.72 9.96 nan nan nan nan
333 3950.21 9.88 10.52 10.76 8.84 nan nan nan nan
334 3962.11 10.12 10.6 10 9.28 nan nan nan nan
335 3973.94 10.04 10.16 9.52 10.28 nan nan nan nan
336 3985.83 10.8 10.08 9.8 9.32 nan nan nan nan
337 3997.68 10.6 9.68 9.48 10.24 nan nan nan nan
338 4009.6 9.88 9.88 10.2 10.04 nan nan nan nan
339 4021.37 9.48 10.2 10.6 9.72 nan nan nan nan
340 4033.24 9.44 10.16 10.64 9.76 nan nan nan nan
341 4045.09 10.16 9.96 9.72 10.16 nan nan nan nan
342 4056.91 10.08 10.6 9.48 9.84 nan nan nan nan
343 4068.78 9.68 10.72 10 9.6 nan nan nan nan
344 4080.62 8.72 10.56 10.32 10.4 nan nan nan nan
345 4092.48 9.6 9.32 10.64 10.44 nan nan nan nan
346 4104.36 9.76 10.36 8.96 10.92 nan nan nan nan
347 4116.2 10.64 10.76 9.76 8.84 nan nan nan nan
348 4128.05 10.28 10.92 9.56 9.24 nan nan nan nan
349 4139.89 11 9.92 9.92 9.16 nan nan nan nan
350 4151.72 10.28 10 9.8 9.92 nan nan nan nan
351 4163.55 10.04 9.48 10.76 9.72 nan nan nan nan
352 4175.38 10.4 10.52 9 10.08 nan nan nan nan
353 4187.26 9.84 10.52 10.72 8.92 nan nan nan nan
354 4199.11 9.52 9.88 9.88 10.72 nan nan nan nan
355 4210.96 10 9.08 10.32 10.6 nan nan nan nan
356 4222.82 10.24 10.84 9.4 9.52 nan nan nan nan
357 4234.72 9.76 10 9.24 11 nan nan nan nan
358 4246.57 10.04 10.84 9.16 9.96 nan nan nan nan
359 4258.42 9.32 10.64 10 10.04 nan nan nan nan
360 4270.33 9.84 10.88 9.32 9.96 nan nan nan nan
361 4282.14 9.52 10.96 9.48 10.04 nan nan nan nan
362 4294 8.52 11.16 9.36 10.96 nan nan nan nan
363 4305.83 10.2 9.56 10.4 9.84 nan nan nan nan
364 4317.66 9.44 9.92 11 9.64 nan nan nan nan
365 4329.56 10.44 9.64 9.28 10.64 nan nan nan nan
366 4341.44 10.08 9.56 10.24 10.12 nan nan nan nan
367 4353.37 9.48 10.04 10.76 9.72 nan nan nan nan
368 4365.23 10.08 10.52 9.92 9.48 nan nan nan nan
369 4377.13 9.64 10.24 10.32 9.8 nan nan nan nan
370 4388.98 10.12 10.28 10.24 9.36 nan nan nan nan
371 4400.81 11.04 8.88 9.88 10.2 nan nan nan nan
372 4412.67 8.92 10.28 10.12 10.68 nan nan nan nan
373 4424.55 8.84 10.16 10.44 10.56 nan nan nan nan
374 4436.4 9.12 10.16 10.2 10.52 nan nan nan nan
375 4448.29 10.52 10.92 9.52 9.04 nan nan nan nan
376 4460.19 10.28 10 10.28 9.44 nan nan nan nan
377 4472.13 9.36 9.92 10.84 9.88 nan nan nan nan
378 4483.97 10.6 10.92 9.08 9.4 nan nan nan nan
379 4495.86 9.64 9.68 10.12 10.56 nan nan nan nan
380 4507.7 9.96 10.4 10.04 9.6 nan nan nan nan
381 4519.57 9.68 10.2 10.16 9.96 nan nan nan nan
382 4531.47 9.64 10.24 10.4 9.72 nan nan nan nan
383 4543.31 10.12 9.16 10.56 10.16 nan nan nan nan
384 4555.26 9.16 10.92 9.84 10.08 nan nan nan nan
385 4567.12 10.12 9.96 9.8 10.12 nan nan nan nan
386 4578.98 10.2 10.28 10.2 9.32 nan nan nan nan
387 4590.84 10.64 9.88 9.88 9.6 nan nan nan nan
388 4602.7 10.92 9.8 9.12 10.16 nan nan nan nan
389 4614.53 9.52 9.08 11.12 10.28 nan nan nan nan
390 4626.43 10.24 9.84 10 9.92 nan nan nan nan
391 4638.26 10.16 9.32 9.56 10.96 nan nan nan nan
392 4650.12 9.52 9.96 10.32 10.2 nan nan nan nan
393 4662.04 9.52 9.68 10.76 10.04 nan nan nan nan
394 4673.93 9.52 10.48 10 10 nan nan nan nan
395 4685.8 9.6 10.04 10.08 10.28 nan nan nan nan
396 4697.64 9.96 10 9.88 10.16 nan nan nan nan
397 4709.53 10.04 10.4 10.8 8.76 nan nan nan nan
398 4721.46 10.44 9 10.44 10.12 nan nan nan nan
399 4733.28 10.04 9.92 10 10.04 nan nan nan nan
400 4745.15 9.88 10.16 10.2 9.76 nan nan nan nan
401 4756.97 10.16 9.8 10.72 9.32 nan nan nan nan
402 4768.85 10.08 9.36 10.48 10.08 nan nan nan nan
403 4780.69 10.52 9.52 10.04 9.92 nan nan nan nan
404 4792.54 9.68 9.92 10.6 9.8 nan nan nan nan
405 4804.37 10.96 9.84 9.44 9.76 nan nan nan nan
406 4816.21 9.88 10.16 9.64 10.32 nan nan nan nan
407 4828.1 9.92 9.28 10.92 9.88 nan nan nan nan
408 4839.99 10.16 10.08 9.92 9.84 nan nan nan nan
409 4851.83 9.64 9.92 9.92 10.52 nan nan nan nan
410 4863.67 10 9.72 9.44 10.84 nan nan nan nan
411 4875.52 9.84 10.48 10.12 9.56 nan nan nan nan
412 4887.4 9.72 9.28 11.44 9.56 nan nan nan nan
413 4899.22 10.64 9.92 9.76 9.68 nan nan nan nan
414 4911.12 9.96 9.52 10.24 10.28 nan nan nan nan
415 4922.99 9.84 10.48 9.72 9.96 nan nan nan nan
416 4934.84 10.52 10 9.6 9.88 nan nan nan nan
417 4946.71 9.16 10.52 10.36 9.96 nan nan nan nan
418 4958.59 9.04 10.6 9.88 10.48 nan nan nan nan
419 4970.38 10.76 8.96 9.04 11.24 nan nan nan nan
420 4982.28 9.96 10.44 10.56 9.04 nan nan nan nan
421 4994.18 9.28 10.84 10.24 9.64 nan nan nan nan
422 5006.07 11.16 10.2 9.32 9.32 nan nan nan nan
423 5017.88 10.36 10.08 9.44 10.12 nan nan nan nan
424 5029.72 8.84 9.76 10.64 10.76 nan nan nan nan
425 5041.56 9.28 9.8 11.56 9.36 nan nan nan nan
426 5053.41 10.24 10.36 9.8 9.6 nan nan nan nan
427 5065.29 10.32 10.36 9.64 9.68 nan nan nan nan
428 5077.16 9.72 9.84 10.2 10.24 nan nan nan nan
429 5088.97 9.52 9.72 10.4 10.36 nan nan nan nan
430 5100.85 10.24 10 9.64 10.12 nan nan nan nan
431 5112.68 10.2 10.48 9.36 9.96 nan nan nan nan
432 5124.51 10.2 10.44 9.4 9.96 nan nan nan nan
433 5136.4 9.88 10.16 9.84 10.12 nan nan nan nan
434 5148.28 10.72 9.16 10.28 9.84 nan nan nan nan
435 5160.1 9.88 10.4 9.84 9.88 nan nan nan nan
436 5172.01 9.2 10.6 10.32 9.88 nan nan nan nan
437 5183.9 11.16 9.44 9.76 9.64 nan nan nan nan
438 5195.77 9.88 10.08 9.4 10.64 nan nan nan nan
439 5207.62 10.28 9.32 9.56 10.84 nan nan nan nan
440 5219.47 9.4 10.56 10 10.04 nan nan nan nan
441 5231.28 10.12 9.8 9.84 10.24 nan nan nan nan
442 5243.17 9.88 9.72 10.32 10.08 nan nan nan nan
443 5255.02 10.24 9.56 10.52 9.68 nan nan nan nan
444 5266.91 9.24 10.44 10.84 9.48 nan nan nan nan
445 5278.81 10.76 9.52 10.12 9.6 nan nan nan nan
446 5290.64 9.28 11.2 9.56 9.96 nan nan nan nan
447 5302.52 9.96 10.24 9.84 9.96 nan nan nan nan
448 5314.38 9.36 10.2 9.8 10.64 nan nan nan nan
449 5326.24 9.84 10.36 10.32 9.48 nan nan nan nan
450 5338.08 9.56 9.24 10.52 10.68 nan nan nan nan
451 5349.89 10.36 9.72 9.4 10.52 nan nan nan nan
452 5361.77 10.48 10.48 8.88 10.16 nan nan nan nan
453 5373.62 10.96 10.36 8.92 9.76 nan nan nan nan
454 5385.5 9.92 9.92 9.36 10.8 nan nan nan nan
455 5397.37 9.8 10.32 10.2 9.68 nan nan nan nan
456 5409.26 9.88 9.96 9.68 10.48 nan nan nan nan
457 5421.15 9.44 9.88 10.48 10.2 nan nan nan nan
458 5433.05 10.24 10.32 9.76 9.68 nan nan nan nan
459 5444.9 10 9.84 10.16 10 nan nan nan nan
460 5456.77 10.56 10.68 9.04 9.72 nan nan nan nan
461 5468.59 10.12 10.68 9.36 9.84 nan nan nan nan
462 5480.44 10.72 9.64 9.76 9.88 nan nan nan nan
463 5492.38 9.2 10 10.84 9.96 nan nan nan nan
464 5504.28 10 10.68 9.64 9.68 nan nan nan nan
465 5516.13 10.6 9.08 10.56 9.76 nan nan nan nan
466 5527.97 9.56 9.84 9.64 10.96 nan nan nan nan
467 5539.85 9 9.56 11.32 10.12 nan nan nan nan
468 5551.69 9.16 10.88 9.64 10.32 nan nan nan nan
469 5563.51 10.04 9.8 10.72 9.44 nan nan nan nan
470 5575.35 10.36 9.68 10.4 9.56 nan nan nan nan
471 5587.22 10.64 9.24 10.44 9.68 nan nan nan nan
472 5599.08 11.16 9.4 9.4 10.04 nan nan nan nan
473 5610.93 8.76 10.48 10.4 10.36 nan nan nan nan
474 5622.81 9.08 10.08 10.84 10 nan nan nan nan
475 5634.7 10.8 10.84 9.16 9.2 nan nan nan nan
476 5646.57 10.16 10.16 10.16 9.52 nan nan nan nan
477 5658.49 9.92 9.92 10.6 9.56 nan nan nan nan
478 5670.39 9.96 10.44 9.52 10.08 nan nan nan nan
479 5682.21 9.8 10.32 9.96 9.92 nan nan nan nan
480 5694.08 10.04 10.6 9.2 10.16 nan nan nan nan
481 5705.93 10.16 10.28 9.48 10.08 nan nan nan nan
482 5717.72 10.36 10 8.84 10.8 nan nan nan nan
483 5729.65 10.68 9.28 9.52 10.52 nan nan nan nan
484 5741.5 10.28 10.24 10 9.48 nan nan nan nan
485 5753.38 8.84 10.68 10.48 10 nan nan nan nan
486 5765.24 9.84 10.28 9.24 10.64 nan nan nan nan
487 5777.12 10.68 10.12 9.8 9.4 nan nan nan nan
488 5788.93 10.04 9.68 10.16 10.12 nan nan nan nan
489 5800.79 10.08 10.36 9.72 9.84 nan nan nan nan
490 5812.64 10.68 9.44 9.76 10.12 nan nan nan nan
491 5824.5 10.48 10.16 9.44 9.92 nan nan nan nan
492 5836.4 10.88 9.24 10.64 9.24 nan nan nan nan
493 5848.3 9.84 9.92 10.32 9.92 nan nan nan nan
494 5860.13 9.72 8.96 10 11.32 nan nan nan nan
495 5871.94 10.44 9.4 10.32 9.84 nan nan nan nan
496 5883.83 9.6 9.32 10.44 10.64 nan nan nan nan
497 5895.63 10.4 9.96 10.4 9.24 nan nan nan nan
498 5907.52 9.28 10.2 9.88 10.64 nan nan nan nan
499 5919.39 9.96 10.04 10.08 9.92 nan nan nan nan
500 5931.23 9.92 9.92 9.72 10.44 nan nan nan nan
501 5943.05 10.76 9.64 10.2 9.4 nan nan nan nan
502 5954.87 8.88 9.6 10.44 11.08 nan nan nan nan
503 5966.74 10.24 9.36 9.72 10.68 nan nan nan nan
504 5978.61 9.6 10.88 9.2 10.32 nan nan nan nan
505 5990.46 10 9.84 10.32 9.84 nan nan nan nan
506 6002.32 10.76 10.28 8.92 10.04 nan nan nan nan
507 6014.19 10.4 9.64 9.8 10.16 nan nan nan nan
508 6026.03 10.56 9.96 9.92 9.56 nan nan nan nan
509 6037.87 10.48 9.12 10.52 9.88 nan nan nan nan
510 6049.68 9.88 10.28 9.84 10 nan nan nan nan
511 6061.58 9.32 9.88 10.6 10.2 nan nan nan nan
512 6073.5 10.68 10.32 9.64 9.36 nan nan nan nan
513 6085.38 9.96 9.2 10.68 10.16 nan nan nan nan
514 6097.26 9.24 9.32 10.52 10.92 nan nan nan nan
515 6109.12 9.32 11.24 9.24 10.2 nan nan nan nan
516 6120.97 10.24 11.08 10.08 8.6 nan nan nan nan
517 6132.79 10.88 9.04 10.4 9.68 nan nan nan nan
518 6144.67 9.72 10.04 9.2 11.04 nan nan nan nan
519 6156.48 10.2 10.12 9.72 9.96 nan nan nan nan
520 6168.4 10.4 9.68 9.64 10.28 nan nan nan nan
521 6180.25 9.64 10.24 10.24 9.88 nan nan nan nan
522 6192.1 9.24 10.68 10.4 9.68 nan nan nan nan
523 6203.96 10.68 10.32 9.8 9.2 nan nan nan nan
524 6215.81 10.16 9.96 9.72 10.16 nan nan nan nan
525 6227.67 9.96 9.4 10.04 10.6 nan nan nan nan
526 6239.5 10.52 10.4 9.48 9.6 nan nan nan nan
527 6251.45 9.96 9.84 9.48 10.72 nan nan nan nan
528 6263.26 9.36 9.92 11.4 9.32 nan nan nan nan
529 6275.1 9.64 9.28 10 11.08 nan nan nan nan
530 6286.94 10 9.36 9.92 10.72 nan nan nan nan
531 6298.84 10.32 10.64 9.04 10 nan nan nan nan
532 6310.69 10.28 8.76 10.12 10.84 nan nan nan nan
533 6322.59 10.32 9.76 9.84 10.08 nan nan nan nan
534 6334.43 11.48 9.32 9.48 9.72 nan nan nan nan
535 6346.3 9.96 9.96 9.92 10.16 nan nan nan nan
536 6358.13 9.4 10.2 9.8 10.6 nan nan nan nan
537 6369.97 10.52 10.24 9.2 10.04 nan nan nan nan
538 6381.87 9.64 10.44 10.76 9.16 nan nan nan nan
539 6393.72 9.96 9.8 10.96 9.28 nan nan nan nan
540 6405.57 10.72 10.2 8.84 10.24 nan nan nan nan
541 6417.45 9.96 9.92 10.4 9.72 nan nan nan nan
542 6429.36 10.4 9.64 10 9.96 nan nan nan nan
543 6441.24 10.36 9.76 9.76 10.12 nan nan nan nan
544 6453.1 9.88 9.48 9.96 10.68 nan nan nan nan
545 6464.95 9.88 10.16 9 10.96 nan nan nan nan
546 6476.84 9.6 10.64 9.56 10.2 nan nan nan nan
547 6488.71 9.64 10.52 10.08 9.76 nan nan nan nan
548 6500.56 9.52 9.92 10.08 10.48 nan nan nan nan
549 6512.4 10.48 10.76 9.88 8.88 nan nan nan nan
550 6524.3 9.48 10.44 10.48 9.6 nan nan nan nan
551 6536.15 10.44 10.12 9.72 9.72 nan nan nan nan
552 6547.99 9.76 10.24 9.64 10.36 nan nan nan nan
553 6559.86 10.36 10.24 9.32 10.08 nan nan nan nan
554 6571.71 9.84 10.16 10 10 nan nan nan nan
555 6583.58 9.48 10.28 9.96 10.28 nan nan nan nan
556 6595.4 9.36 9 11.28 10.36 nan nan nan nan
557 6607.37 10 10.04 10.84 9.12 nan nan nan nan
558 6619.17 9.84 10.48 9.6 10.08 nan nan nan nan
559 6631.04 9 10.56 9.96 10.48 nan nan nan nan
560 6642.91 10.72 9.16 9.96 10.16 nan nan nan nan
561 6654.79 9.96 10.2 9.72 10.12 nan nan nan nan
562 6666.65 10.48 10.2 9.44 9.88 nan nan nan nan
563 6678.5 9.44 10.6 10.28 9.68 nan nan nan nan
564 6690.37 9.56 10.28 9.96 10.2 nan nan nan nan
565 6702.24 11.08 9.56 10.64 8.72 nan nan nan nan
566 6714.08 9.88 10.12 9.72 10.28 nan nan nan nan
567 6725.93 10.12 10.2 9.6 10.08 nan nan nan nan
568 6737.8 9.32 10.72 9.44 10.52 nan nan nan nan
569 6749.69 10.8 10.16 9.12 9.92 nan nan nan nan
570 6761.53 10.8 9.8 9.88 9.52 nan nan nan nan
571 6773.38 10.6 9.96 9.8 9.64 nan nan nan nan
572 6785.29 10.56 10.36 9.28 9.8 nan nan nan nan
573 6797.18 10.12 10.12 10 9.76 nan nan nan nan
574 6809.05 10.08 10.28 9.32 10.32 nan nan nan nan
575 6820.92 10.72 9.4 10.24 9.64 nan nan nan nan
576 6832.81 9.28 10.36 10.32 10.04 nan nan nan nan
577 6844.72 10.52 10.16 9 10.32 nan nan nan nan
578 6856.57 9.88 9.36 10.2 10.56 nan nan nan nan
579 6868.39 9.88 10.16 10.2 9.76 nan nan nan nan
580 6880.19 9.12 9.92 10.68 10.28 nan nan nan nan
581 6892.03 9.92 10.24 10.12 9.72 nan nan nan nan
582 6903.86 9.6 10.36 10.12 9.92 nan nan nan nan
583 6915.73 9.84 10 10.24 9.92 nan nan nan nan
584 6927.64 9.8 8.88 10.12 11.2 nan nan nan nan
585 6939.53 10.92 9.44 10.52 9.12 nan nan nan nan
586 6951.36 10.72 9.72 9.92 9.64 nan nan nan nan
587 6963.2 9.64 10.4 9.96 10 nan nan nan nan
588 6975.07 9.76 9.88 10.08 10.28 nan nan nan nan
589 6986.96 10 10.4 9.52 10.08 nan nan nan nan
590 6998.82 9.72 9.12 10.04 11.12 nan nan nan nan
591 7010.66 9.76 10.64 9.4 10.2 nan nan nan nan
592 7022.53 9.44 10 11 9.56 nan nan nan nan
593 7034.38 10.52 9.16 9.12 11.2 nan nan nan nan
594 7046.22 10.76 10.44 10.04 8.76 nan nan nan nan
595 7058.09 9.6 10.72 10.68 9 nan nan nan nan
596 7069.96 9.64 9.76 9.8 10.8 nan nan nan nan
597 7081.82 9.92 10.2 9.52 10.36 nan nan nan nan
598 7093.69 10.56 10.36 9.8 9.28 nan nan nan nan
599 7105.54 9.52 10.16 10.04 10.28 nan nan nan nan
600 7117.38 9.96 10.16 10.8 9.08 nan nan nan nan
