1 8.35 10.6 10.44 9.92 9.76 230.215 230.206 230.239 230.604
2 11.83 11.04 10.92 11.76 10.68 230.211 230.56 230.029 230.518
3 15.33 9.44 11 10.84 10.08 229.973 229.988 229.936 229.463
4 18.82 12.28 12.6 11 11.88 262.739 261.938 264.095 260.588
5 22.41 20.84 21.04 21.48 22.8 205.945 206.55 204.574 203.842
6 25.96 23.52 21.44 24.68 24 204.39 207.409 202.051 202.283
7 29.48 30.48 31.76 32.16 31.72 184.736 183.516 183.884 181.603
8 33.04 25.6 26.08 29.12 27.32 197.442 196.454 191.591 196.741
9 36.6 34.68 33.76 33.96 35.8 176.961 176.507 174.392 170.76
10 40.17 35.08 36.44 36.4 37.2 176.524 175.469 175.953 175.153
11 43.68 40.88 41.04 42.68 41.68 160.154 159.772 155.637 158.763
12 47.22 45.36 44.8 47.28 45.2 149.544 148.977 147.015 151.79
13 50.82 46.84 46.28 47.12 45.6 143.551 148.194 143.415 145.613
14 54.46 40.72 41.32 42.44 40.8 170.184 169.165 168.562 166.434
15 57.99 52.88 52.68 51.84 52.08 131.234 132.822 134.572 131.113
16 61.48 54.04 52.32 51.28 51.8 131.015 130.382 134.942 131.923
17 65.09 53.68 54.48 55.2 54.08 129.275 126.359 123.343 126.817
18 68.67 55.32 56.2 56.4 55.2 126.745 121.954 122.503 124.885
19 72.2 59.56 60.04 60.32 59.92 113.708 114.792 111.215 111.882
20 75.76 58.28 60.48 60.6 60.2 115.136 112.145 112.803 111.441
21 79.25 58.48 60.56 59.88 57.88 121.264 113.17 113.477 121.785
22 82.75 64.56 64.48 64.56 63.92 101.378 99.925 101.736 99.875
23 86.32 63.72 63.32 65.2 62.96 102.157 102.559 98.252 102.326
24 89.91 64.48 63.92 64.64 65.6 98.401 101.819 100.035 102.696
25 93.47 63.96 62.68 62.84 64.56 102.346 103.481 108.317 98.457
26 97.13 66.16 66.92 65.44 66.12 98.491 95.147 97.282 94.121
27 100.64 67.56 66.96 66.44 65.6 93.325 94.014 96.93 97.898
28 104.21 63.96 65.88 64.44 65.08 109.39 99.276 106.836 105.036
29 107.76 64.88 66.72 65.64 66.32 99.013 93.74 95.27 96.662
30 111.33 67.64 67.64 68.28 68.12 94.11 96.652 89.649 91.461
31 114.94 69.36 69.68 69.12 68.12 91.444 87.173 90.313 92.57
32 118.47 72.8 71.2 71.88 71.84 78.535 82.209 80.288 81.507
33 122.09 71.68 72.2 72.24 74.32 79.202 79.981 81.041 75.983
34 125.61 73.96 72.04 72.96 73.36 78.019 77.697 76.596 77.034
35 129.1 72.44 73.28 72.84 73.48 79.726 75.801 78.278 76.408
36 132.63 73.96 74.44 74.08 75.04 76.031 74.309 73.931 73.716
37 136.23 76.68 74.64 74.52 76.12 68.489 72.61 73.06 69.98
38 139.75 74.68 74.52 76.04 74.8 75.11 73.53 69.74 74.445
39 143.44 76.16 76.76 78 77.44 69.689 67.686 66.07 68.917
40 146.99 77.2 77.64 77.48 77.4 65.273 64.155 64.246 65.773
41 150.51 77.32 76.68 77.32 77.96 65.49 66.007 63.568 64.174
42 154.05 77.88 78.4 77.88 79.16 62.745 65.298 64.52 60.388
43 157.68 78.72 78.24 77.6 78.64 61.434 63.783 64.338 61.599
44 161.2 79.52 78.32 79.16 77.44 59.502 62.982 61.509 64.453
45 164.86 79.08 78.72 79.6 78.84 58.881 61.947 61.707 62.715
46 168.5 77.8 80.4 78.84 79.04 63.652 55.926 62.076 59.71
47 171.92 80 80.08 78.44 79.64 57.49 62.17 62.776 58.208
48 175.45 79.52 79.84 78.76 78.96 61.774 59.08 59.799 59.645
49 178.94 79.72 79.72 79.64 79.32 61.969 58.698 60.774 59.615
50 182.51 79.92 78.8 80.2 79.64 60.248 60.36 59.028 59.848
51 186.06 80.16 79.6 79.56 79.12 57.437 58.593 61.457 62.19
52 189.56 78.44 79.68 80.12 80.4 63.815 60.165 59.293 56.273
53 193.13 79.72 80.6 78.96 79.76 61.162 56.807 61.538 58.163
54 196.66 79.92 80.48 79.56 78.72 59.479 58.479 59.575 60.329
55 200.23 79 79.96 79.24 80.12 62.301 59.705 60.592 55.914
56 203.83 79.08 79.96 78.44 80.68 59.625 58.219 63.733 58.686
57 207.33 79.64 79.92 80.96 77.6 61.095 60.617 55.586 63.179
58 210.84 79.44 78.6 79.96 79.84 60.285 62.886 58.624 57.979
59 214.41 79.64 76.92 80.08 79.72 58.545 67.194 57.137 60.233
60 218.05 79.52 77.6 78.2 77.44 62.417 65.63 63.401 64.882
61 221.57 77 79.48 79.52 77.76 69.133 59.306 62.37 63.511
62 225.08 78.28 79.32 79.4 78.44 66.658 61.661 60.925 64.272
63 228.7 79.28 78.16 77.44 78.08 62.57 64.055 65.205 64.452
64 232.24 77.76 77.88 78.24 79.32 64.372 62.572 64.836 61.136
65 235.77 77.56 77.12 78.32 76.12 68.356 70.726 67.407 73.025
66 239.32 78.36 78.64 79.24 77.32 65.368 64.045 62.246 64.859
67 242.88 76.36 74.56 74.92 75.4 71.554 75.784 73.568 75.139
68 246.44 77.8 76.44 76.92 77.48 66.587 70.281 67.816 66.43
69 249.96 77.76 76.76 77.28 78.16 65.359 72.992 69.83 66.592
70 253.46 77.4 76.4 77.96 76.24 66.192 69.074 66.147 69.783
71 256.94 70.96 72.44 73.04 72.64 91.655 85.795 85.759 85.175
72 260.47 77.32 75.8 77.24 77.4 68.854 69.669 67.722 66.31
73 263.94 75.8 75.12 73.92 76.48 79.726 76.595 83.006 75.732
74 267.5 75.8 75.92 76.88 76.28 73.284 71.766 70.2 70.763
75 270.97 78.68 79.76 77.84 79.04 62.735 62.66 68.183 63.918
76 274.45 77.32 76.84 75.96 77.44 67.883 74.318 71.072 71.239
77 277.95 79.52 76.84 78.56 78.4 61.003 68.585 66.294 65.305
78 281.43 77.2 76.32 76.48 76.16 73.854 75.9 74.232 75.216
79 285 75.72 74.32 73.84 74.28 76.269 80.616 80.543 85.483
80 288.51 73.6 75.16 74.24 75.12 84.528 77.007 79.777 78.284
81 292.03 73.8 74.04 75.04 73.88 90.626 85.936 78.273 90.008
82 295.58 80.92 80.2 80.4 79.12 60.74 62.507 59.185 64.951
83 299.15 79.72 79.84 79.04 78.16 61.025 60.208 62 64.149
84 302.74 75.6 76.96 76.52 75.2 74.153 77.964 82.395 80.425
85 306.31 80.48 80.6 80.44 81.08 56.593 55.611 58.855 60.321
86 309.84 78.36 79 79.48 79.44 68.308 64.881 66.328 62.846
87 313.34 78.92 78.32 79.76 78 63.765 65.2 66.22 67.731
88 316.91 81.88 81.36 80.2 81.24 51.311 54.286 59.086 55.07
89 320.49 78.56 78.64 79.68 79.76 68.161 67.969 66.623 68.918
90 324.05 75.4 77.04 77.84 78.6 82.49 76.23 75.908 73.258
91 327.58 78.48 80.44 79.72 79.84 68.265 65.626 67.752 64.415
92 331.12 81.2 82.16 81.96 80.32 61.243 57.22 58.155 63.083
93 334.59 82.72 83.4 82.08 84.36 54.737 52.664 54.777 49.889
94 338.19 81.84 81.16 82.28 82.2 58.997 60.327 58.979 55.149
95 341.68 83.2 83 82.44 83.08 52.79 51.251 53.447 52.374
96 345.12 82.2 83.12 81.16 81.68 56.926 54.323 56.34 54.148
97 348.68 81.84 83.12 82.48 83.68 55.324 53.417 52.023 56.393
98 352.34 82.52 82.96 81.84 82.88 64.559 56.421 57.239 55.455
99 355.82 84.88 83.48 83.08 84.44 48.913 52.659 55.209 50.676
100 359.3 83.68 84.24 83.44 84.04 50.777 50.584 52.367 51.136
101 362.85 82.72 84.24 83 83.16 57.925 53.184 57.17 58.86
102 366.38 82.92 86.2 85.2 83.76 54.911 44.878 48.882 49.543
103 369.9 81.12 82.6 81.92 82.32 75.999 83.469 87.528 81.561
104 373.51 84.24 83.24 83.48 84.68 52.013 54.224 52.908 50.519
105 377.12 85.64 85.76 84.12 83.36 45.972 44.579 49.901 52.153
106 380.69 86.24 86.28 84.92 84.92 48.404 46.331 49.429 51.095
107 384.25 84.08 86 84.4 82.76 51.572 50.749 50.457 57.567
108 387.84 84.56 84.96 83.6 83.36 53.521 53.302 53.672 54.243
109 391.38 84.52 85.2 83.24 83.12 52.077 48.044 61.642 58.67
110 394.95 85.68 85.88 85.84 82.12 49.631 48.711 47.709 58.727
111 398.56 84.72 86.4 83.8 85.48 53.372 49.251 53.556 47.355
112 402.09 86.36 85.72 85.72 84.52 46.452 45.543 45.612 52.427
113 405.6 86.68 85.92 87.08 86.52 45.607 46.017 48.145 49.712
114 409.27 85.88 85.88 84.76 84.88 46.524 52.164 50.961 53.495
115 412.79 85.16 86.64 87.28 86.52 51.629 50.696 44.968 50.576
116 416.28 87.2 86.2 86.72 87.2 44.621 52.18 50.422 46.306
117 419.82 87.16 85.24 85.6 85.4 50.151 52.881 58.224 51.368
118 423.33 86.24 86.64 87.44 86.76 51.096 47.862 44.407 49.748
119 426.91 86.6 86 86.88 86.88 51.268 52.072 46.691 50.875
120 430.39 87.16 86.16 86.28 87.24 53.728 58.628 52.646 51.565
121 433.97 86.28 86.24 87.84 85.52 75.577 68.993 50.822 73.475
122 437.48 87.04 87.04 87.6 86.24 56.051 52.333 54.678 54.868
123 441.02 86.76 87.32 87.2 87.48 47.536 46.305 50.902 50.052
124 444.5 85.72 86.44 86.84 86.84 59.133 52.006 50.273 48.132
125 447.97 87 86.96 87.64 88.92 48.387 49.83 46.659 45.042
126 451.43 87.32 88.64 87.36 86.52 48.385 43.154 48.469 54.638
127 454.92 87.28 87.48 88.76 87.2 53.651 47.167 45.232 47.971
128 458.44 87 87.68 88.6 87.68 53.188 49.191 49.292 49.1
129 462 87.36 87.92 87.52 88.64 53.584 49.678 49.923 49.327
130 465.54 89.12 88.2 87.6 87.76 44.852 48.296 52.214 51.814
131 469.08 88.72 87.6 87.84 87.32 44.658 54.017 53.101 56.427
132 472.66 87.92 87.72 89.24 88.16 54.079 52 44.559 52.306
133 476.19 87.52 88.24 88.64 88.92 52.055 49.939 47.719 43.662
134 479.64 88.92 88.72 88 88.36 49.096 48.573 56.386 52.184
135 483.15 89 89.32 87.6 88.92 48.272 46.466 52.69 51.325
136 486.71 89.24 88.64 88.8 88.6 48.626 50.955 52.355 51.452
137 490.26 87.84 88.96 88.6 87.68 56.22 50.858 54.701 55.946
138 493.75 89.32 88.52 88.4 88.12 49.584 49.17 51.646 57.884
139 497.27 88 89.72 89.56 87.84 56.771 44.599 48.957 56.695
140 500.83 88.44 89 88.56 88.64 50.876 49.563 51.637 52.258
141 504.39 88.12 88.92 89.4 88.2 56.078 50.132 51.566 54.212
142 507.97 88.8 88.32 89.44 88.76 50.779 48.032 53.578 55.709
143 511.58 88.68 88.8 89.04 89.56 49.442 55.478 53.17 47.723
144 515.07 88.4 89.4 89.08 89.48 53.721 49.942 52.23 51.616
145 518.57 89.28 88.84 88.4 89.6 48.406 55.633 53.237 48.606
146 522.05 89.44 88.64 88.16 89.64 51.27 50.962 54.793 50.927
147 525.6 88.68 89.52 88.92 89 53.886 49.801 53.595 50.585
148 529.09 88.32 88.96 90.28 88.72 54.314 54.278 42.163 55.42
149 532.64 88.72 89.6 89.4 88.12 52.715 50.787 50.408 54.983
150 536.22 89.64 88.92 89.08 88.56 48.978 52.628 50.164 52.749
151 539.71 89.2 88.24 88.76 89.64 48.126 56.252 52.999 47.303
152 543.21 89.68 88.44 88.32 89.6 47.86 57.537 52.945 49.402
153 546.81 89.16 88.6 88.24 89.8 54.324 52.064 53.995 46.499
154 550.24 89.2 88.88 89.2 88.88 54.129 51.336 50.019 51.738
155 553.84 88.68 88.76 88.84 90.32 57.571 53.145 52.953 43.822
156 557.44 88.8 88.44 89.12 89.6 51.136 54.66 53.544 48.927
157 560.88 88.52 88.64 89.76 89.04 53.328 53.12 51.759 50.217
158 564.54 90.72 88.44 88.44 88.56 42.835 57.105 53.341 55.478
159 568.09 89.28 88.08 89.16 89 51.531 52.933 52.013 56.682
160 571.69 88.04 88.76 89.4 89.76 63.174 51.951 48.975 48.114
161 575.21 89.44 89.2 88.6 88.64 52.984 51.599 57.234 54.72
162 578.78 88.64 89.56 88.28 89.84 53.835 52.65 59.309 50.126
163 582.3 88.36 89.56 88.8 88.72 57.899 52.429 56.755 51.979
164 585.9 88.36 88.12 88.88 88.12 55.993 59.061 56.938 58.538
165 589.5 88.76 89 88.88 88.96 61.718 56.061 54.622 54.863
166 592.96 89.28 88.32 89.36 88.24 52.694 58.12 56.092 56.835
167 596.52 88.2 88.64 88.88 88.32 64.494 55.257 58.468 58.212
168 600.05 88.88 88.36 88.68 88.76 65.146 57.02 61.257 60.439
169 603.55 88.68 89.92 88.88 88 60.62 46.434 57.247 62.707
170 607.11 87.92 88.24 87.84 88.08 58.717 60.476 58.895 58.918
171 610.57 87.64 86.8 88.32 88.28 58.322 65.378 58.088 59.03
172 614.15 87.84 87.2 87 88.2 53.62 63.844 62.809 54.585
173 617.71 88.56 87.72 87.44 87.08 58.245 54.174 62.406 65.442
174 621.16 86.84 87.84 87.4 88 64.639 59.243 57.777 54.437
175 624.72 87.84 87.08 87.64 86.56 59.157 61.462 58.285 60.177
176 628.23 86.24 87.72 85.64 86.76 65.208 60.917 65.438 61.207
177 631.73 87.6 86.84 87.72 87.6 56.522 64.163 62.177 57.945
178 635.27 86.68 85.96 85.52 85.36 68.617 70.599 69.478 72.612
179 638.91 87.04 86.32 85.48 87.4 53.758 52.002 58.487 52.775
180 642.48 86.56 87 87.28 87.48 57.535 59.878 57.801 54.832
181 646.04 87.52 86.72 86.36 87.16 56.49 56.742 61.946 53.972
182 649.63 86.08 84.52 84.68 86.28 71.906 75.587 76.26 67.018
183 653.23 86.6 85.76 88.24 87.04 57.184 62.203 49.994 53.134
184 656.76 87 87.48 86.32 86.68 53.776 53.601 60.121 58.164
185 660.22 84.12 85.52 84.68 85.48 71.834 63.39 72.224 65.534
186 663.78 86.84 86.52 85.12 86.68 52.985 57.348 61.526 55.622
187 667.33 86.16 86.16 85.48 86.56 54.363 57.994 63.925 55.363
188 670.9 85.28 86.32 86.96 85.44 68.139 59.612 58.226 62.654
189 674.48 84.92 85.2 85.32 84.88 69.222 75.805 65.204 65.118
190 678.02 85.52 85.24 86.52 85.64 65.546 65.764 60.371 64.048
191 681.52 85.36 85.8 85.92 85.56 60.673 60.472 57.603 56.957
192 685.07 86.04 86.64 87 85.96 53.887 50.076 54.646 61.589
193 688.64 86.48 87.48 86.96 86.32 58.413 52.52 56.135 54.865
194 692.23 86.04 86.92 87.08 86.96 54.634 54.24 51.668 53.439
195 695.71 87.08 86.12 86.24 85.88 53.526 58.688 52.546 56.964
196 699.22 87.52 85.88 85.88 86.08 55.033 60.77 56.009 56.167
197 702.73 86.56 86.16 87.04 86.4 53.581 53.922 54.951 54.874
198 706.34 86.68 86.2 87.64 87.72 57.249 66.423 55.746 55.99
199 709.85 87.04 85.28 86.2 85.12 54.02 63.59 61.389 67.177
200 713.38 86.28 84.32 86 85.52 56.872 68.021 53.816 58.223
201 716.89 86.04 85.68 88.4 85.76 55.851 60.028 48.958 58.172
202 720.47 86.68 87.32 86.44 86.2 55.066 54.821 54.731 58.583
203 724 86.84 88.28 87.4 86.32 59.366 51.122 55.989 63.545
204 727.57 87.28 87.16 86.8 85.8 54.493 53.626 56.745 65.315
205 731.16 86.44 87.32 87.96 87.84 59.237 55.487 49.276 54.3
206 734.87 86.88 86 86.04 86.4 55.978 59.162 60.459 61.138
207 738.4 86.28 86.96 86.04 87.24 62.05 57.028 63.596 58.538
208 741.95 86.64 87.28 87.16 87.4 60.905 60.011 60.928 59.389
209 745.5 88.24 88.4 88.08 88.36 53.512 49.587 57.398 53.684
210 748.99 88.32 86.24 86.72 88.28 55.811 60.017 60.914 55.867
211 752.55 85.16 85.76 84.24 86.12 62.503 65.646 65.78 64.922
212 756.12 88.28 87.68 87.12 86.68 55.183 58.018 60.402 59.646
213 759.66 88.84 86.28 88.2 87.32 55.714 67.623 53.614 61.955
214 763.2 87.84 87.56 87.72 87.76 60.56 57.91 61.673 59.824
215 766.83 87.48 87.36 87.8 87.64 63.558 61.353 67.077 59.404
216 770.45 86.76 88.72 88.72 88.04 64.434 59.767 57.616 59.303
217 773.92 88.36 87.84 88.72 87.36 61.157 62.932 50.395 58.878
218 777.44 89.16 88.44 87.36 87.72 56.219 60.338 65.665 62.933
219 780.99 89.28 87.84 89.48 88.8 53.136 59.086 56.474 59.1
220 784.56 88.24 89.04 88.44 87.36 56.32 50.812 62.206 63.658
221 788.1 88.04 88.68 87.84 89.8 57.516 61.791 63.749 56.544
222 791.68 89.2 88.72 88.92 88.48 55.116 59.975 59.718 59.035
223 795.2 88.96 90.24 88.24 89.12 59.352 52.82 58.904 60.037
224 798.68 88.92 89.2 88.4 88.32 63.22 60.35 57.725 59.778
225 802.24 89 88.72 90.2 89.52 59.989 64.531 49.506 56.173
226 805.8 89.32 89.52 89.32 88.24 60.439 56.798 57.502 60.981
227 809.39 90.24 90.12 89.32 88.24 52.81 50.151 60.872 66.331
228 812.9 89.36 89.92 89.84 89 63.464 55.464 54.479 53.747
229 816.48 89.8 89.32 90 89.08 53.478 61.123 55.328 62.325
230 820.04 89.44 89.4 88.92 90.36 62.665 56.503 64.328 52.34
231 823.53 89.92 90.24 89.48 89.36 55.263 58.578 58.716 61.317
232 827.11 89.48 89.56 91.12 89.12 57.686 64.064 52.924 61.4
233 830.62 90.72 90.16 90.24 89.24 54.19 60.97 56.734 62.468
234 834.26 89.6 89.8 90.08 90.48 62.978 63.045 52.901 57.552
235 837.7 90.24 90.28 89.6 89.64 59.136 60.361 59.24 61.225
236 841.27 89.64 90.84 89.88 89.88 56.485 57.121 62.975 59.249
237 844.8 90.36 90.16 89.44 90.16 57.564 60.85 62.94 56.976
238 848.38 89.64 89.72 90.52 90.68 63.878 64.737 55.652 56.029
239 851.89 89.84 89.84 90.8 90.16 61.541 61.468 55.402 58.368
240 855.47 89.76 90.56 90.72 89.04 58.444 58.694 53.901 66.777
241 859.01 90.16 90.92 89.48 90.52 61.768 56.367 61.7 56.493
242 862.62 90.36 89.92 90.64 89.56 57.666 60.805 51.991 64.637
243 866.08 89.48 90.12 90.24 90.92 62.055 59.905 54.203 57.582
244 869.63 90.48 90.08 90.52 89.96 58.942 59.356 54.795 61.991
245 873.16 90.2 89.88 90.48 90.44 58.273 61.582 58.09 56.802
246 876.67 90.04 89.52 90.4 90.64 58.897 63.35 60.574 53.96
247 880.31 90.4 90.04 90.64 89.84 55.473 63.776 59.526 57.063
248 883.85 91.04 89.8 89.68 90.08 54.095 62.714 60.428 59.729
249 887.39 90.04 90.48 89.84 90.52 65.119 54.506 60.178 55.359
250 890.94 90.68 89.6 90.24 90.48 54.673 63.034 61.91 56.654
251 894.44 90.28 90.24 90.6 89.48 57.946 55.42 58.67 63.23
252 897.87 90.08 90.56 90.68 89.48 57.417 55.155 59.554 65.322
253 901.33 90.68 91 89.16 90.2 57.797 55.092 64.335 60
254 904.84 89.76 90.68 90.24 89.84 61.223 55.191 60.498 60.509
255 908.38 90.56 90.44 90.4 89.6 56.161 60.473 56.351 65.622
256 911.94 90.4 90.48 90.04 89.6 58.571 61.808 50.385 66.042
257 915.44 90.2 90.16 89.84 90.36 58.577 59.097 59.743 59.354
258 918.99 90.44 89.92 90.36 89.84 59.74 63.371 54.379 58.419
259 922.48 90.2 90.8 89.92 90.08 57.875 53.509 65.129 61.954
260 925.99 90.16 90.44 90.48 90.4 62.153 60.296 61.264 57.282
261 929.54 90.2 90.52 89.6 90.72 57.567 61.608 61.715 58.977
262 933.06 90.12 91.12 90.28 89.76 62.283 52.281 60.086 65.241
263 936.62 89.48 90.24 91.16 90.04 64.073 58.84 53.282 66.501
264 940.12 90.08 89.04 90.6 90.68 63.293 63.211 62.875 56.206
265 943.74 89.72 89.24 90.8 90.04 64.477 68.797 52.745 62.302
266 947.25 91.28 89.32 90.84 89.2 50.968 71.106 57.69 63.757
267 950.8 90.2 90.88 89.2 89.6 60.483 54.601 71.717 66.164
268 954.34 90 90.52 90.36 89.36 66.929 59.709 61.675 63.718
269 957.84 89.28 89.8 89.52 90.64 68.078 63.261 61.841 59.654
270 961.38 90.6 89.84 90.28 88.84 59.656 64.198 61.681 70.549
271 965.03 89.24 89.44 89.88 89.84 63.622 64.029 67.273 67.041
272 968.52 90.44 91.12 88.52 89.64 63.107 56.435 76.81 58.752
273 972.12 89.96 89.88 90.2 89.68 66.873 63.344 63.31 67.747
274 975.6 90.8 88.76 90.28 89.08 54.802 67.923 61.652 68.504
275 979.18 91.08 89.2 88.84 89.68 59.49 73.932 77.487 68.816
276 982.73 89.84 89.28 89.36 90.24 60.374 69.132 67.194 59.497
277 986.24 88.48 88.72 88.96 90.48 71.404 75.235 72.544 61.262
278 989.81 88.12 88.88 89.76 89.24 85.937 68.729 58.866 65.83
279 993.36 88.08 87.44 87.92 88.4 77.869 78.372 74.596 72.022
280 996.87 89.28 89.12 88.84 88.48 67.771 72.16 67.613 70.665
281 1000.35 89.44 89.08 88.12 89.32 68.001 65.205 65.734 55.314
282 1003.95 88.72 88.68 87.36 87.44 69.86 64.792 77.873 70.282
283 1007.45 88.52 88.16 88.64 87.64 64.33 63.162 60.153 67.125
284 1010.99 88.52 88.48 89.28 88.68 69.035 62.002 59.019 61.526
285 1014.61 86.88 89.84 88.48 88.36 67.066 58.411 67.739 56.237
286 1018.02 87.48 86.76 86.84 87.24 67.628 84.5 72.619 74.686
287 1021.61 88.56 89.04 87.36 87.84 59.94 54.727 68.609 68.671
288 1025.08 87.72 88.68 87.2 86.44 59.932 59.069 69.856 72.417
289 1028.63 85.64 86.52 85.8 85.6 83.203 73.11 77.406 87.135
290 1032.29 86.44 86.08 87 87.32 68.947 73.775 71.966 66.506
291 1035.73 87.6 87.64 88.64 87.8 60.429 57.642 59.368 64.572
292 1039.29 87.16 87.88 87.64 89.24 66.547 60.092 62.523 50.991
293 1042.84 88.08 89.16 88.28 88.28 57.937 62.248 61.022 62.398
294 1046.42 86.88 88.12 87.2 88.68 64.304 60.887 62.891 55.871
295 1049.9 87.48 85.52 87.12 86.6 64.644 77.127 67.359 74.331
296 1053.46 87.84 87.12 87.76 88.16 61.145 64.167 60.773 58.068
297 1057.01 87.04 87.52 87.04 87.92 64.471 66.24 63.99 60.891
298 1060.5 88.56 86.8 87.72 86.56 62.561 64.075 63.362 65.461
299 1064.09 87.36 87.68 86.76 87.68 66.702 66.049 70.716 59.084
300 1067.71 87.72 86.28 86.72 86 63.251 69.936 63.311 73.062
301 1071.17 87.36 86.32 87.48 88.64 64.452 61.507 65.54 59.441
302 1074.68 87.88 87.04 88.04 87.8 60.483 63.962 61.653 58.571
303 1078.13 88.28 87.52 87.56 86.92 59.197 63.973 61.134 69.815
304 1081.7 86.08 87.32 88.36 88.2 76.18 66.779 63.328 60.31
305 1085.2 86.48 87.2 87.08 86.44 76.159 65.512 69.373 72.577
306 1088.74 87.76 88.16 88.88 87.52 60.147 62.698 61.998 61.997
307 1092.27 87.52 88.28 88.76 87.36 56.501 58.151 56.26 64.256
308 1095.83 89.2 88.32 88.4 87.96 55.055 62.763 63.964 63.149
309 1099.42 88.72 89.16 88.16 88.6 56.148 53.836 61.059 58.727
310 1102.98 89.6 87.92 88.64 88.16 59.111 63.223 57.678 61.929
311 1106.58 88.32 87.04 88.28 88.84 61.953 68.83 58.373 56.35
312 1110.1 87.28 88.36 89.2 89.04 71.204 62.345 54.846 62.577
313 1113.6 89.16 88.04 87.6 89.52 54.898 61.819 65.88 56.013
314 1117.18 88.44 89.32 88.28 89.08 64.369 54.31 62.405 59.317
315 1120.8 88.68 88.44 87.96 88.84 61.625 69.956 67.676 62.074
316 1124.5 88.24 89.04 89.32 88.92 65.77 62.154 56.899 61.922
317 1128.03 88.88 89.12 88.92 88.92 64.495 61.224 54.733 62.392
318 1131.53 89.24 89.28 88.16 88.6 57.518 64.927 65.256 61.033
319 1135.18 89.24 89.4 89.64 88.52 62.136 57.475 59.596 65.062
320 1138.69 89.64 88.68 90.32 90.2 61.316 68.388 55.746 54.379
321 1142.27 89.12 90.96 89.12 89.32 63.986 52.712 61.946 62.992
322 1145.89 88.96 90.08 90.52 89.16 65.72 63.552 51.286 63.75
323 1149.3 90.52 88.84 89.8 90.08 57.02 63.844 63.709 54.027
324 1152.92 88.96 89.52 90.16 89.4 65.011 65.561 61.441 62.078
325 1156.48 89.84 89.96 90.92 89.08 61.84 64.417 49.388 60.553
326 1159.97 90.56 89.92 89.8 89.44 57.286 59.175 65.796 64.483
327 1163.53 90 90.36 89.36 90.36 58.619 59.915 61.873 60.436
328 1167.03 90.16 90.4 89.8 89.76 57.379 62.168 62.533 56.442
329 1170.56 89.68 89.96 90.2 90.12 67.158 65.473 54.619 59.123
330 1174.01 90.44 90.64 89.92 89.96 55.858 59.609 60.708 65.024
331 1177.57 90.76 89.52 90.48 91.04 55.539 64.33 63.88 56.898
332 1181.09 90 90.4 89.96 91.2 66.439 58.944 60.802 53.919
333 1184.66 90.12 90.96 90.64 89.96 63.444 54.403 58.177 64.26
334 1188.14 90.6 89.48 90.2 91.24 57.662 66.271 64.318 54.706
335 1191.72 91.08 90.28 90.68 90.56 55.51 62.592 63.962 55.237
336 1195.19 90.28 90.08 90.92 90.36 59.375 61.624 57.042 63.842
337 1198.69 90.84 90.8 90.04 89.88 58.327 61.598 59.749 58.184
338 1202.17 90.28 90.48 90.88 90.16 60.679 63.541 53.983 62.21
339 1205.66 90.12 91.4 90.52 89.6 59.662 60.422 59.458 61.411
340 1209.23 90.48 90.36 91.12 90.16 64.942 66.306 52.436 55.358
341 1212.76 90.48 89.72 91 90.96 59.228 69.414 60.078 53.265
342 1216.39 90.68 90.2 91 90.36 60.122 58.445 55.257 66.459
343 1220.01 91.68 89.92 90.36 90.4 51.817 65.738 61.752 60.404
344 1223.48 90.52 89.84 90.24 91.48 58.804 64.447 62.628 54.036
345 1227.01 90.2 90.32 90.56 90.52 61.802 56.988 60.636 59.387
346 1230.53 89.72 91.84 90.52 90.2 63.522 53.25 62.208 60.838
347 1234.03 90.32 90.52 90.28 91.04 61.819 57.321 65.731 55.023
348 1237.58 89.84 90.92 90.84 90.52 63.334 58.571 52.717 63.793
349 1241.15 90.52 90.56 90.92 90.08 59.846 55.355 61.153 62.113
350 1244.72 90.12 90.52 90.6 90.88 65.383 60.611 53.94 58.859
351 1248.22 90.84 90.96 90.84 90.12 62.378 58.006 57.585 63.92
352 1251.79 90.2 90.76 90.6 90.8 58.589 61.65 55.188 64.396
353 1255.42 90.76 90.36 89.88 91.24 55.419 63.533 64.718 55.818
354 1259 90.48 90.64 90.36 90.72 56.705 55.543 64.886 62.479
355 1262.61 91.2 90.76 89.88 90.6 55.217 59.872 64.082 59.33
356 1266.15 90.8 90.08 90.76 90.64 59.623 62.953 57.199 59.746
357 1269.65 90.04 91.08 90.52 90.64 62.158 60.055 60.085 59.018
358 1273.13 90.32 90.6 90.12 90.96 60.591 58.524 66.57 55.016
359 1276.7 91.12 89.76 91.2 90.24 56.236 62.738 56.95 63.864
360 1280.28 90.8 89.08 90.92 91.36 61.147 66.093 56.889 57.451
361 1283.87 90 90.48 90.4 91.24 62.618 60.691 60.988 57.705
362 1287.36 90.76 89.72 90.84 91.24 60.58 72.243 55.256 52.516
363 1291.01 90.36 90.32 90.76 91.32 62.76 66.81 55.698 57.311
364 1294.62 91.04 89.8 90.56 90.32 56.287 65.648 60.148 57.693
365 1298.13 90.44 89.88 90.68 91.12 60.723 63.834 57.861 60.221
366 1301.72 91.84 90.52 89.88 90.16 54.009 63.153 64.281 60.302
367 1305.2 90.32 90.64 90.72 90.64 66.127 54.925 63.013 62.369
368 1308.74 90.16 90.08 91.28 91 60.269 63.649 58.607 59.232
369 1312.34 91.44 91.16 90.32 89.96 54.338 58.049 67.879 66.637
370 1315.89 90.76 89.84 91.2 90.44 62.324 66.821 60.859 62.64
371 1319.39 90.72 90.36 90.04 90.2 59.179 63.604 67.581 63.276
372 1323.01 90.2 89.92 91.04 91.04 72.178 66.114 58.478 60.182
373 1326.48 90.2 90.84 90.44 89.88 63.632 57.836 67.146 67.784
374 1330.01 90.76 90.52 89.96 90.12 57.014 61.043 69.922 67.136
375 1333.54 88.4 90.64 90.4 90.76 70.552 63.028 66.973 65.782
376 1337 90.64 90.12 89.84 90.16 62.259 61.295 72.925 71.736
377 1340.55 91 90.4 89 90.12 58.214 64.877 72.052 70.264
378 1344.05 90.16 90.4 89.32 89.36 64.775 62.788 74.919 70.407
379 1347.53 90.2 90.36 89.04 90.4 72.233 64.125 66.125 62.281
380 1351.1 89.6 90.84 88.44 89.84 76.277 66.594 68.622 66.915
381 1354.7 88.56 89.64 89.12 88.64 73.788 66.869 66.218 74.33
382 1358.24 89.52 89.36 88.48 89.56 66.863 70.937 70.612 63.096
383 1361.75 88.68 88.64 89.56 88.04 72.129 78.359 63.893 70.77
384 1365.25 88.48 88.88 88.84 88.76 72.003 68.18 71.297 77.089
385 1368.77 86.96 87.56 86.76 88.16 78.784 73.882 78.89 70.178
386 1372.23 89.2 88.64 89.56 89.12 63.981 70.233 65.343 60.574
387 1375.71 87.52 88.96 89.48 88.8 71.692 66.711 60.253 65.402
388 1379.26 88.8 89.24 89.24 88.48 63.238 58.589 62.681 69.258
389 1382.87 87.08 87.68 86.56 87.6 72.512 74.248 77.27 73.206
390 1386.42 88.36 88.76 89.08 89.24 68.341 64.231 62.472 58.644
391 1389.87 89.32 88.2 89.28 89.32 61.461 65.681 61.621 59.605
392 1393.47 87.6 88.4 87.76 87.96 71.282 61.035 68.816 65.762
393 1397.01 86.84 87.32 87.6 87.44 67.777 72.852 70.417 70.664
394 1400.54 86.72 88.76 87.4 88.36 69.505 65.19 67.82 62.036
395 1404.08 88.32 88.88 87.96 88.48 60.133 52.524 61.968 62.976
396 1407.54 86.72 87.68 88.36 88.88 70.139 62.655 61.372 56.329
397 1411.14 87.84 89.24 89.32 88.16 70.184 57.976 54.08 65.817
398 1414.81 87.84 88.32 88.04 88.44 60.332 68.351 62.659 67.653
399 1418.32 88.16 89.12 89.2 89.72 64.102 60.839 61.312 56.736
400 1421.94 88.88 88.88 88.56 88.8 60.47 57.947 59.311 62.008
401 1425.51 87.92 89.56 87.48 86.68 62.043 56.492 69.657 74.991
402 1429.02 88.2 88.2 87.76 88.6 60.354 60.795 61.178 61.968
403 1432.49 88.96 87.92 87.68 89.28 58.273 60.746 68.351 61.386
404 1436.05 88.96 88.08 88.48 88.32 59.457 69.863 62.411 60.293
405 1439.5 88.4 88.72 88.44 87.8 64.676 63.44 61.824 69.682
406 1443.08 88.32 88.12 88.6 88.68 68.695 64.995 58.203 65.505
407 1446.67 88.52 88.56 89.28 88.32 63.161 59.683 60.21 64.093
408 1450.24 88.76 89.2 89.12 88.12 61.999 54.31 57.537 63.506
409 1453.78 88.4 89.52 87.64 88.32 63.731 56.578 64.707 64.713
410 1457.3 89.64 88.88 88.76 89.6 58.281 57.846 59.785 57.362
411 1460.77 88.76 87.92 88.52 88.96 59.95 62.365 68.762 64.419
412 1464.32 88.4 89.56 89.76 89.4 61.45 60.892 57.718 56.453
413 1467.84 88.44 89.4 89.36 88.88 68.384 65.708 60.838 63.87
414 1471.48 87.04 88.56 88.44 89 82.582 67.535 66.032 68.714
415 1474.95 88.44 89.12 88.44 90.28 64.698 61.25 63.32 54.166
416 1478.49 90.56 90.12 89.48 90.32 53.739 61.68 61.699 57.96
417 1482.02 89.36 89.48 88.96 89.8 62.665 61.69 65.36 54.87
418 1485.5 88.92 89.64 89.36 88.92 67.592 58.69 61.982 66.441
419 1489.02 88.96 90.4 90.24 89.16 65.357 59.374 63.217 60.504
420 1492.5 89.44 89 88.68 90.48 67.027 66.106 75.617 55.357
421 1496.09 89.8 89.76 89.52 90.4 59.901 63.081 62.246 62.194
422 1499.58 89.32 89.28 90.28 90.48 58.755 68.316 63.836 54.673
423 1503.05 89.92 89.28 90.32 89.08 56.237 63.786 64.541 70.331
424 1506.53 89.48 90 90.12 90.16 70.76 63.364 59.179 59.044
425 1509.96 90.72 89.64 90.56 90.48 56.711 67.089 52.367 63.221
426 1513.57 90.44 90.4 91.32 90.04 61.701 60.819 55.208 61.552
427 1517.13 90.32 90.28 90.44 90.84 59.912 68.812 56.692 52.647
428 1520.72 90.08 90.16 91.08 90.48 58.994 63.151 53.276 63.796
429 1524.22 90.52 90.36 90.44 91.16 65.28 59.264 65.292 57.629
430 1527.77 90.4 90.08 90.44 90.92 62.407 63.921 55.399 61.834
431 1531.4 90.96 90.24 89.72 90.24 57.838 63.388 65.027 60.863
432 1535.01 90.84 90.56 90.52 89.88 57.123 61.343 60.155 68.73
433 1538.62 89.8 91.48 90.28 90.56 69.437 53.285 65.753 53.995
434 1542.14 90.6 91.16 90.2 90.4 59.905 59.861 63.505 59.011
435 1545.68 90.84 90.84 90.96 90.68 57.527 62.67 61.875 60.743
436 1549.26 90.6 90.68 90.04 91.44 54.559 65.701 67.708 53.584
437 1552.8 90.48 90.6 91.28 91.04 61.552 63.282 57.124 58.092
438 1556.22 91.04 91.4 90.52 90.6 58.755 57.982 68.413 58.761
439 1559.72 91.12 90.48 90.56 91.36 64.289 59.507 61.999 53.867
440 1563.31 90.48 91.24 91 90.56 63.934 56.018 58.809 64.207
441 1566.86 90.44 90.48 91.32 91.2 61.372 61.805 57.991 59.391
442 1570.45 90.76 91.44 90.8 90.72 67.027 54.943 56.175 64.119
443 1574.01 90.84 91.32 90.2 91.56 60.33 58.931 63.21 57.439
444 1577.64 90.76 90.48 91.24 91.2 60.144 62.089 59.551 57.325
445 1581.21 91.12 91.2 91.2 90.2 62.373 58.433 58.752 60.604
446 1584.76 90.8 91.92 90.16 91.04 62.106 52.963 66.213 58.396
447 1588.31 91.8 90.88 90.64 91.12 55.695 64.712 65.098 55.603
448 1591.8 90.92 91 91.12 91.28 56.672 61.68 59.659 61.816
449 1595.29 91.04 91.32 91.08 90.52 59.44 58.441 62.649 59.442
450 1598.77 90.2 92.16 90.56 91.12 65.523 52.602 62.149 58.826
451 1602.36 90.96 91 91.2 90.4 61.377 60.142 60.16 60.588
452 1605.88 91.12 91.52 90.16 91.48 56.013 55.468 70.114 58.155
453 1609.47 91.36 90.88 90.52 91.64 54.846 63.906 68.452 53.442
454 1613 90.52 91.04 91.4 91.08 59.623 59.515 56.361 62.653
455 1616.5 90.44 91.2 91.88 90.32 69.187 56.472 49.783 63.988
456 1620.08 90.76 90.72 90.88 91.4 60.814 58.094 65.175 56.804
457 1623.63 90.8 90.56 91.84 90.8 60.008 63.382 56.291 62.042
458 1627.19 90.72 91.12 90.56 91.16 62.8 60.025 63.715 53.476
459 1630.74 90.6 90.68 91.8 90.8 60.925 62.575 56.021 60.458
460 1634.3 91.12 90.36 91.28 90.88 53.116 68.181 57.196 62.645
461 1637.76 90.44 91.52 89.92 91.6 69.191 54.517 62.06 54.251
462 1641.22 90.64 91.64 90.68 91.08 58.126 56.256 65.521 61.082
463 1644.82 91.4 91.04 90.88 90.4 60.333 54.262 62.579 65.265
464 1648.34 90.88 90.96 91.52 90.8 58.9 59.905 61.462 62.09
465 1651.91 90.56 91.32 91.08 89.96 61.083 58.022 57.963 68.857
466 1655.45 90.36 91.52 89.8 92.08 64.21 57.766 68.378 50.662
467 1659.04 92.12 90.36 90.92 90 54.048 66.25 57.053 67.805
468 1662.54 90.48 90.84 91.12 91.08 63.792 65.029 60.189 57.666
469 1666.12 92.08 91.36 90 89.44 49.758 55.143 64.693 74.733
470 1669.76 91.2 91.64 90.4 89.88 55.935 54.04 65.381 69.878
471 1673.23 90.04 91.56 90.44 91.56 67.276 58.881 62.884 57.113
472 1676.82 91.12 90.04 90.84 90.72 58.483 66.025 64.763 61.199
473 1680.29 91.24 90.32 90.4 89.92 62.916 60.597 68.669 57.564
474 1683.84 90.52 90.48 90.4 91.24 61.923 66.624 63.256 60.704
475 1687.33 90.96 90.64 90.16 91.16 60.208 69.51 67.74 54.314
476 1690.85 89.36 90.92 91.4 90.08 70.824 58.133 59.402 70.963
477 1694.38 90.24 90.68 90.04 90.48 62.286 61.081 73.375 61.961
478 1697.87 90.28 91 90.72 89.64 68.674 61.282 59.177 69.933
479 1701.48 90.72 90 90.24 90.12 64.105 74.107 65.382 66.18
480 1705.04 91 89.72 89.88 89.8 61.08 73.172 67.929 62.546
481 1708.62 90.16 89.68 89.96 90.4 67.354 73.03 67.388 63.688
482 1712.15 89.76 89.92 89.56 89.68 63.999 66.437 68.845 63.837
483 1715.66 89.52 89.32 89.64 88.68 69.452 68.18 71.321 70.034
484 1719.19 89.24 89.96 89.68 89.32 66.043 64.059 64.297 68.864
485 1722.75 88.52 88.92 89.32 87.76 73.179 75.109 70.44 83.853
486 1726.44 89.72 89.6 89.6 89.88 65.393 67.778 61 62.981
487 1729.99 89.08 88.56 90 88.84 68.798 71.693 62.67 69.472
488 1733.51 87.36 87.36 88.28 87.96 80.801 78.851 74.849 76.955
489 1737.02 87.12 87.28 88.44 88.16 75.437 69.87 66.605 64.16
490 1740.54 89.4 88.72 87.68 88.56 55.788 68.706 69.071 71.425
491 1744.14 87.72 87.96 89.72 88.64 65.432 63.289 58.722 74.849
492 1747.74 89.12 87.88 88.44 87.56 64.825 68.888 68.836 68.878
493 1751.27 89.4 89.72 89.04 88.56 53.852 57.956 63.595 69.461
494 1754.79 89.12 88.12 88.32 89 63.89 61.701 64.199 62.331
495 1758.39 88.2 87.48 88.24 87.48 66.337 79.441 74.759 76.598
496 1761.96 89.8 88.12 89.4 89 60.737 63.837 62.838 67.317
497 1765.49 87.36 89.64 88.24 88 77.016 59.106 70.536 74.994
498 1769 88.08 87.44 88.4 88.68 66.611 66.016 63.82 60.922
499 1772.54 87.96 87.88 88.04 88.64 67.268 64.249 65.438 59.732
500 1776.1 89.36 87.68 87.88 89.16 66.919 70.217 68.064 68.568
501 1779.55 87 88.16 86.56 88 79.383 66.127 71.245 70.972
502 1783.05 87.04 88.76 88.56 88.28 70.38 63.947 60.972 65.575
503 1786.6 88.72 88.4 88.24 88.76 56.853 62.958 67.774 63.503
504 1790.19 88.32 87.48 87.88 87.6 67.215 65.396 70.844 73.713
505 1793.82 88.12 89.52 89.52 88.44 61.816 53.888 57.99 60.837
506 1797.44 88.84 88.64 88.92 89.2 63.951 63.085 60.054 63.42
507 1800.95 88.52 88.08 88.56 89.88 62.17 63.729 60.868 56.286
508 1804.46 88 89.64 89.12 88.92 71.357 51.683 60.11 62.075
509 1807.98 88.68 87.6 89.92 89 63.968 64.91 57.431 56.455
510 1811.46 89.64 89.28 88.92 88.12 66.642 65.34 64.133 70.883
511 1814.96 88.72 89.08 89.52 88.88 67.34 66.129 66.94 63.418
512 1818.47 89.36 89.68 90.16 88.4 58.475 57.073 57.383 67.173
513 1821.99 89.96 89.88 88.6 89.28 54.854 59.64 64.366 58.292
514 1825.44 89.88 90.2 88.48 89.12 54.681 59.441 67.718 62.837
515 1828.99 89.92 87.48 90.12 89.56 61.091 77.993 53 59.799
516 1832.53 89.64 88.8 90.4 88.96 60.393 66.526 55.53 63.119
517 1836.08 89.44 90.44 89.56 89.2 59.962 50.703 60.26 62.884
518 1839.61 88.92 89.6 90.52 89.4 64.94 59.531 57.684 65.327
519 1843.15 89.92 89.72 88.92 89.76 58.553 60.336 66.874 62.715
520 1846.74 90.76 90.08 89.92 91.44 57.548 58.881 59.76 47.947
521 1850.35 90.68 90.72 90.28 90.72 57.62 56.054 57.491 58.13
522 1853.91 91.56 90.12 90.64 89.64 54.784 56.072 55.032 69.777
523 1857.49 91.4 90.32 89.8 91.4 52.275 57.062 64.389 54.673
524 1861.05 91.2 89.96 91.72 90.08 55.512 61.584 54.323 63.793
525 1864.56 91.36 89.84 89.48 90.64 53.521 63.803 67.794 55.542
526 1868.12 91.32 89.72 89.72 91.84 55.801 60.612 63.991 53.004
527 1871.74 90.56 90.16 90.6 91.08 59.503 59.657 58.41 52.76
528 1875.22 91.2 90.64 89.92 90.6 58.523 55.567 64.177 62.071
529 1878.82 90.88 90.52 91.32 90.48 60.736 58.112 62.777 59.007
530 1882.41 91.32 90.76 90 90.92 58.678 56.425 67.583 61.013
531 1886.02 90.24 90.84 91.16 90.76 65.495 57.263 55.073 59.138
532 1889.5 91.68 90.88 91.2 89.92 55.888 58.487 57.985 68.325
533 1892.99 90.84 90.52 91.24 91.2 59.469 62.65 53.272 61.165
534 1896.48 91.68 91.92 91.2 89.36 55.181 59.785 58.217 62.907
535 1900.02 90.4 92.08 91 90.88 63.981 51.98 61.721 58.024
536 1903.53 91.48 90.88 90.8 91 55.078 61.399 60.614 58.933
537 1907.12 91.76 92 91.28 89.72 55.73 52.144 57.756 68.475
538 1910.72 91.08 90.08 92.2 91.48 60.274 65.44 55.728 56.22
539 1914.28 91.52 90.88 90.8 91.48 57.656 61.884 63.547 51.503
540 1917.85 90.68 91.52 92 90.36 59.732 57.619 54.482 64.756
541 1921.48 91.2 90.76 91.08 91.36 59.023 64.107 58.4 52.139
542 1925.03 90.32 90.64 91.92 91.44 62.711 58.043 54.216 57.999
543 1928.6 90.92 89.88 91.2 92.36 59.729 64.391 58.583 50.361
544 1932.17 91.92 90.32 90.52 92.28 54.417 65.342 61.085 52.168
545 1935.65 90.2 92.32 91.08 91.24 68.415 50.21 60.829 54.116
546 1939.14 90.84 90.88 91.84 91.32 57.743 62.906 52.665 58.859
547 1942.66 90.96 90.76 90.92 91.84 58.672 57.191 61.02 56.417
548 1946.12 91.28 90.72 91.08 91.52 61.057 59.861 56.083 56.92
549 1949.68 91.44 91 90.8 91.12 54.557 62.351 60.039 57.172
550 1953.26 91.44 91.52 91 90.8 58.275 51.198 61.923 61.164
551 1956.88 89.84 91.84 90.8 91.92 65.085 51.624 60.151 55.45
552 1960.4 91.36 91.24 90.8 90.88 57.441 53.24 65.586 56.64
553 1963.88 91 90.52 91.28 91.6 66.421 59.815 52.308 56.311
554 1967.49 92.28 91.32 90.56 90.52 46.937 59.045 62.158 62.699
555 1970.98 91.04 90.4 91.4 91.4 55.924 65.678 58.639 54.694
556 1974.53 90.32 92.2 91 91.08 61.072 52.76 63.314 55.721
557 1978.03 91.8 90.64 91.48 90.64 50.964 66.09 55.18 60.399
558 1981.56 90.88 91.48 91.2 91.72 59.499 53.421 65.461 55.441
559 1985.08 91.48 91 91.32 90.84 56.818 58.873 59.397 60.085
560 1988.62 90.8 91.56 91.04 91.32 57.934 57.786 59.717 59.557
561 1992.19 91.44 90.52 91.2 91.16 54.655 68.279 59.542 52.356
562 1995.74 90.88 91.2 91.44 91.56 59.246 56.891 61.955 58.154
563 1999.28 91.72 90.8 91.48 90.56 55.781 60.141 55.562 63.832
564 2002.93 90.2 91.28 91.52 91.4 63.285 54.136 59.81 58.792
565 2006.54 90.92 91.64 91.8 89.64 64.209 53.902 52.649 67.518
566 2010.03 91.12 90.64 91.32 91.08 62.804 60.45 61.964 54.648
567 2013.54 92.16 91.08 91.36 90.12 48.322 65.5 58.746 68.941
568 2017.08 91.36 92.04 90.36 90.68 58.376 56.131 67.027 62.018
569 2020.71 90.64 90.8 91.04 91.68 63.257 61.858 60.767 55.423
570 2024.28 90.8 90.84 91.08 91.16 61.144 62.85 58.874 58.014
571 2027.78 91.6 90.48 91.24 90.4 57.191 60.471 59.239 65.94
572 2031.29 91.44 91 91.28 90.04 64.678 60.086 60.851 61.533
573 2034.87 91.28 91.12 91.04 90.6 55.791 65.659 60.341 66.237
574 2038.4 90.64 91.48 90.96 90.6 64.102 62.386 59.862 65.066
575 2041.88 90.96 91.44 90.08 91.4 63.392 58.116 70.565 58.555
576 2045.46 90.64 91.12 91.28 90.6 64.615 56.585 64.426 63.513
577 2048.96 90.52 89.96 90.84 91.44 68.893 65.675 63.182 56.993
578 2052.45 91.04 90.44 90.24 90.48 61.485 63.988 68.736 67.776
579 2056.01 89.76 91.12 90.28 89.92 71.951 60.3 61.818 69.752
580 2059.56 90.8 90.68 90.08 90.36 61.425 63.745 64.43 69.853
581 2063.09 91.12 91.52 90.32 89.68 60.812 61.747 61.824 68.844
582 2066.55 90.4 89.64 90.12 90.08 61.253 64.299 67.03 69.926
583 2070.12 90.48 89.08 90.4 89.44 67.096 75.935 66.178 74.362
584 2073.6 89.04 89.52 90.12 91.28 80.79 70.158 63.383 58.031
585 2077.16 88.76 89 88.44 88.72 74.061 69.373 75.057 70.338
586 2080.67 89.6 89.6 89.64 89.4 68.045 68.928 67.618 66.27
587 2084.18 90.04 89.48 89.08 89.96 65.953 61.859 74.73 65.559
588 2087.73 88.96 89.6 89.52 88.76 71.333 67.525 69.105 72.571
589 2091.29 88.88 87.88 88.76 87.84 68.896 79.255 72.287 81.424
590 2094.81 88.12 89.96 88.84 88.6 74.437 52.637 73.977 75.059
591 2098.26 87.64 87.64 87.32 88.44 72.473 80.853 75.717 72.497
592 2101.8 88.76 89.64 88.92 88.28 67.548 56.521 62.175 66.522
593 2105.42 86.28 88.08 87.16 89 78.297 65.494 70.795 58.848
594 2109.08 88.44 87.32 88.92 89.16 65.317 67.069 62.224 55.836
595 2112.63 88.24 87.36 87.76 88.88 66.466 71.976 68.128 64.539
596 2116.15 89.24 88.68 88.8 88.88 54.131 60.372 60.166 60.441
597 2119.76 89 89.64 89.44 89.72 61.425 58.852 57.121 54.615
598 2123.3 86.92 87.96 89.68 88.92 72.812 70.649 53.218 61.612
599 2126.78 88.36 87.4 87.12 87.8 67.721 73.821 73.369 69.333
600 2130.31 88.24 87.24 88.04 86.24 62.16 74.713 72.6 82.683
