1 6.93 23.32 24.8 23.16 23.16 198.877 197.699 199.474 200.658
2 13.34 34 36.28 34.88 34.36 181.637 177.127 181.659 179.43
3 19.75 40.6 39.6 43.16 40.88 159.281 164.56 158.327 158.676
4 26.14 45 46.52 44.76 46.04 150.898 147.143 151.126 148.578
5 32.56 48.44 48.48 50.96 51.44 139.618 138.633 134.571 132.748
6 38.95 52.92 52.92 52.28 53.2 130.624 133.192 130.625 127.211
7 45.37 56.56 56.36 56.32 55.28 123.583 121.978 123.036 123.934
8 51.76 57.64 57.48 58.36 58.4 118.635 117.983 114.518 115.782
9 58.19 61.8 61.64 62.08 62.08 109.128 108.818 107.798 104.756
10 64.61 64.64 66.6 65.16 66.32 99.795 96.349 98.937 97.63
11 71.02 67.48 67.32 68.96 67.96 96.227 92.702 89.868 91.481
12 77.41 67.76 69.04 68.72 69.28 91.87 90.852 88.287 86.089
13 83.82 70.04 71.24 71.28 70.6 90.119 86.43 83.752 88.461
14 90.22 71.68 73.08 73.36 74.64 80.982 78.448 74.479 72.496
15 96.61 76.72 74.2 74.72 75.92 68.021 75.02 76.257 70.693
16 103.01 77.52 77.68 76.44 77 64.22 64.286 71.41 66.352
17 109.42 78.36 76.76 79.56 78.2 66.714 66.608 63.36 64.671
18 115.85 80.12 80.32 79.32 79.88 60.278 55.922 58.286 58.028
19 122.25 80.64 80.8 80.36 80.48 57.751 57.918 57.588 57.736
20 128.67 80.28 82.32 81.2 82.12 59.458 54.276 54.856 51.67
21 135.07 81.72 81.88 82.16 81.28 57.619 54.988 53.22 58.848
22 141.46 80.92 81.6 81.16 81.64 55.179 55.927 58.955 56.555
23 147.86 81.4 82.8 84.24 82.04 58.141 53.565 48.827 53.692
24 154.27 85.12 83.56 82.52 82.4 46.667 51.509 51.936 52.406
25 160.67 83.72 82.88 82.84 84.2 51.889 53.812 53.677 50.915
26 167.06 85.76 85.6 84.96 84.76 46.876 44.059 48.912 47.327
27 173.47 85.52 84.64 85.04 85.24 46.069 48.689 47.565 45.135
28 179.86 83.72 85.12 83.04 85.04 52.643 46.166 53.034 45.249
29 186.25 84.92 85.16 86.44 84.56 53.202 47.384 45.709 50.063
30 192.67 83.64 83.72 84.44 84.56 53.701 58.619 50.662 51.367
31 199.08 85.56 87.76 86.64 85.84 50.335 41.713 44.87 49.132
32 205.47 85.88 86 85.36 85.92 47.77 45.117 52.66 44.951
33 211.9 86.84 86.4 86.24 86.2 46.649 45.995 47.981 47.746
34 218.29 86.44 87.04 86.8 86.28 50.387 44.717 45.788 48.609
35 224.68 84.36 85 85.08 85 55.773 51.693 54.573 52.99
36 231.1 86.76 87.2 86 86.88 49.73 47.296 47.926 49.387
37 237.5 88.44 86.44 84.96 87.36 43.91 53.056 51.989 47.725
38 243.88 86.36 86.96 87.16 87.92 52.39 49.459 44.397 47.528
39 250.26 87.04 87.68 86.64 87.08 49.004 48.668 50.867 50.862
40 256.67 87.76 86.32 88.04 87.8 49.127 52.48 46.467 49.565
41 263.06 87.72 86.88 87.84 87.24 51.359 50.72 46.713 53.493
42 269.47 87.4 87.92 86.6 87.92 48.87 51.446 50.395 47.681
43 275.87 87.84 88.12 86.96 88.04 50.337 49.659 54.744 46.948
44 282.27 88.2 86.4 88.48 87.28 46.845 57.724 47.959 51.996
45 288.68 88.12 88.36 87.04 88.04 48.223 51.542 50.172 52.847
46 295.11 87.12 89 88.12 87.48 55.513 44.416 49.748 55.28
47 301.5 87.76 88.36 86.92 87.84 49.415 52.547 50.961 51.142
48 307.87 87.4 88.76 87.92 87.56 50.69 49.449 51.015 51.501
49 314.26 87.16 88.44 88.72 87.44 56.161 47.158 49.99 50.352
50 320.66 87.12 87.8 88.56 87.48 53.102 50.227 48.901 50.339
51 327.03 88.44 87.52 87.2 88.16 47.7 50.563 52.512 52.328
52 333.42 87.36 87.92 89.2 87.44 56.993 50.58 44.162 50.897
53 339.83 87.16 88.68 87.52 87.76 52.969 49.786 52.51 48.239
54 346.22 88.2 87.92 88 87.4 50.485 49.206 49.304 54.623
55 352.62 86.92 87.84 88.92 87.44 52.863 52.149 52.529 48.71
56 359.01 87.36 88.2 86.96 87.76 50.011 48.899 56.416 52.147
57 365.42 87.68 87.88 88.12 86.48 54.342 53.126 44.705 57.039
58 371.83 87.52 86.68 87.92 88.44 51.655 58.405 56.155 48.065
59 378.25 88.28 86.52 88.16 87.32 48.955 60.94 50.284 57.127
60 384.65 87.4 86.36 88.56 87.48 55.867 57.263 51.399 54.27
61 391.06 86.92 87.32 88.12 87.72 55.964 54.02 52.225 52.171
62 397.46 86.6 87.4 87.72 87.6 55.805 57.512 54.97 54.395
63 403.85 87.16 87.52 87.12 86.92 52.641 57.152 58.054 62.43
64 410.26 86.52 87.12 87.96 87.8 57.697 55.238 51.729 53.128
65 416.65 86.28 86.6 86.4 86.96 58.549 56.215 60.618 56.875
66 423.07 87.04 86.8 87.16 86.24 59.74 55.697 56.048 55.504
67 429.47 86.88 87.04 86.64 86.16 55.536 57.853 54.376 58.413
68 435.87 85.28 84.36 85.28 85.48 58.756 60.76 62.952 62.058
69 442.26 86.92 86.72 85.52 87.2 55.365 56.722 59.805 55.416
70 448.68 85.4 86.64 87.6 86.48 59.07 53.756 49.441 50.175
71 455.08 85 86.76 85.96 86.2 60.488 56.98 55.409 55.553
72 461.5 86.56 86 86.36 86.52 53.365 54.82 51.73 54.006
73 467.87 85.6 86.2 84.44 84.6 57.373 54.93 64.062 61.891
74 474.32 85.8 85.96 85.88 87.32 58.96 54.012 52.009 50.345
75 480.73 85.24 85.76 84.8 85.44 55.008 57.776 57.981 58.696
76 487.13 85.44 84.6 85.4 85.64 53.067 58.835 57.447 53.796
77 493.55 86.6 86.8 86.24 85.04 50.895 50.839 50.927 56.58
78 499.94 83.84 85.32 84.6 84.88 59.324 55.134 60.316 57.735
79 506.31 86.68 84.76 84.48 83.36 51.624 57.359 55.728 58.445
80 512.71 85.48 85.72 87 85.08 52.653 52.827 47.424 52.906
81 519.11 83.4 84.88 84.76 85.16 66.481 53.929 60.51 58.636
82 525.5 86.08 86.68 86.4 84.68 56.133 49.523 55.036 60.155
83 531.88 85.48 86.76 86.24 85.88 57.617 53.531 52.449 54.973
84 538.28 84.92 86.32 84.68 85.56 54.967 54.596 58.194 55.096
85 544.68 85.52 85.4 85.12 85.64 54.957 54.465 58.887 54.917
86 551.09 85.12 85.76 85.4 84.84 57.251 53.645 54.812 55.521
87 557.5 86.32 85.72 85.48 84.72 51.893 52.017 57.43 62.374
88 563.92 83.84 84.12 82.12 81.52 65.201 61.709 73.162 72.151
89 570.33 85.2 85.6 85.72 85.2 59.218 54.278 56.892 57.002
90 576.76 83.64 84.92 85.08 84.84 72.028 63.558 57.408 59.771
91 583.16 83.88 84.44 84 85 65.127 60.878 62.218 61.351
92 589.57 86.44 87.2 86.84 85.76 53.467 48.257 53.883 58.074
93 595.98 86.24 86.16 85.48 86.16 54.954 51.725 59.276 54.14
94 602.37 85.04 85.84 85.44 85.28 59.181 56.591 57.475 59.744
95 608.78 87.04 86.6 86.88 87.16 51.441 54.418 54.308 52.069
96 615.19 85.44 85.6 87 85.8 58.082 60.13 55.128 57.478
97 621.62 85.28 86.04 85.2 85.24 55.877 55.847 55.32 64.51
98 628.03 85.92 86.68 86 86.08 57.74 55.673 56.376 57.319
99 634.43 86.52 85.8 86.72 87.48 57.102 59.058 57.382 52.795
100 640.82 87.16 87.36 88.12 86.56 52.652 52.596 51.065 57.98
101 647.22 86.76 87.56 87.48 87.24 50.851 48.872 50.435 50.235
102 653.63 85.12 88.48 87 86.64 63.929 46.633 52.325 55.052
103 660.05 85.36 86.6 84.88 85.6 64.72 57.069 64.346 63.926
104 666.46 87.92 86.88 87.08 87.68 52.952 59.497 58.781 53.477
105 672.86 86.8 87.48 85.84 85.92 56.823 57.997 60.667 64.928
106 679.24 87.72 86.68 86.6 87.44 55.208 57.454 56.621 53.415
107 685.68 86.2 88.04 87 86.48 58.892 50.195 50.752 60.939
108 692.1 87.04 86.52 86.44 87.16 59.014 61.74 64.294 60.144
109 698.49 86.12 87.08 85.68 86.32 61.003 55.735 65.047 61.558
110 704.92 88.6 89.52 88.8 86.16 54.01 47.924 49.411 62.361
111 711.32 87.8 87.76 87.52 89.36 58.024 54.506 62.79 49.701
112 717.73 87.84 87.4 88 87.4 61.302 60.558 57.171 60.91
113 724.13 87.96 87.56 88.96 86.96 56.596 56.418 55.246 63.434
114 730.54 88.92 88.48 88.08 88.12 55.49 57.791 57.557 55.703
115 736.94 87.64 88.52 88.52 87.8 57.743 54.306 57.343 57.519
116 743.32 88.12 88.12 89.24 88.72 52.658 60.208 54.452 52.098
117 749.75 89.44 88.16 88.72 87.56 50.063 57.28 57.44 57.646
118 756.15 89.2 87.84 89 87.08 54.934 60.162 53.66 63.385
119 762.53 88.88 88.04 88.48 88.32 61.303 58.102 56.664 54.401
120 768.97 88.84 88.64 87.76 88.64 58.701 56.771 62.048 54.962
121 775.38 88.36 89.36 90.32 87.96 62.012 54.32 50.367 65.1
122 781.79 89.24 89.92 88.44 88.64 57.336 53.896 60.835 61.266
123 788.19 88.92 88.76 88.92 89.44 64.469 61.132 60.098 55.116
124 794.57 88.32 88.56 88.84 89.32 70.394 65.176 55.407 51.085
125 800.98 89.12 89.04 89.08 89.8 59.614 57.413 58.655 55.099
126 807.36 89.36 91.08 90.72 88.36 57.343 47.618 49.511 69.153
127 813.78 88.72 89.96 90.12 89.6 64.535 58.999 54.794 57.104
128 820.19 89.32 88.6 89 90.84 61.022 65.015 60.413 51.439
129 826.57 89.04 89.88 90.12 89.6 61.438 55.42 59.212 57.12
130 832.98 90.8 88.96 90.48 89.72 57.06 58.51 56.395 57.337
131 839.38 90.48 90.44 89.44 89.4 49.21 59.193 63.824 63.686
132 845.76 90.24 89.52 90.36 90.08 57.631 62.788 54.792 57.696
133 852.17 89.16 89.92 90.2 91.08 64.289 59.415 56.221 49.46
134 858.57 90.8 90.52 89.4 90 54.981 53.786 62.771 60.276
135 864.98 89.4 90.96 90.48 90.28 57.348 56.011 59.069 58.142
136 871.4 90.12 90.44 90.96 90.2 59.296 53.963 56.299 64.519
137 877.79 89.36 91.04 90.08 90.48 67.345 51.16 53.741 63.439
138 884.19 90.64 90.12 90.8 89.8 53.531 51.28 58.92 67.825
139 890.56 89.52 91.32 90.28 90.04 65.767 48.215 62.055 57.755
140 896.93 90.28 91.24 89.56 90.44 56.372 47.7 67.797 59.975
141 903.33 90.4 91.04 90.84 89.88 65.556 52.929 55.638 59.055
142 909.74 91.48 90.6 89.76 89.92 51.814 56.335 64.377 63.102
143 916.12 89.84 90.16 90.44 90.84 63.013 58.044 54.293 55.172
144 922.55 89.92 91.28 90.2 90.16 60.801 52.332 60.592 57.58
145 928.93 90.44 90.56 90.08 90.2 57.734 58.834 59.634 56.828
146 935.32 91.04 90.36 90.52 89.88 52.851 57.989 62.104 58.923
147 941.73 89.64 91.48 90.72 90.48 64.946 49.526 57.298 58.264
148 948.13 89.96 90.2 91.12 90.44 61.657 59.405 51.933 59.071
149 954.52 89.72 91.08 89.96 91.24 61.958 51.316 62.459 56.106
150 960.93 90.6 90.16 90.6 90.36 62.695 56.528 55.867 57.512
151 967.33 90.64 90.4 90 90.76 56.403 53.32 65.099 55.679
152 973.73 90.52 90.36 90.24 90.64 55.982 61.971 56.662 57.95
153 980.12 90.72 90.4 89.72 91.24 56.302 56.915 62.331 55.319
154 986.51 89.92 90.64 90.6 90.44 59.029 56.675 57.903 58.326
155 992.95 91.24 89.8 89.84 90.96 56.646 56.19 64.827 54.939
156 999.35 90.28 89.68 90.76 91.56 60.019 63.167 55.578 52.907
157 1005.77 89.84 90.68 90.64 90.56 62.512 60.063 54.111 55.944
158 1012.18 92.24 90.2 89.72 90.04 49.651 62.421 61.79 58.986
159 1018.59 91.04 89.92 90.64 89.84 56.94 57.419 56.796 63.262
160 1024.96 89.88 90.96 90.6 90.28 67.042 53.436 58.241 56.146
161 1031.38 90.28 90.88 90.48 90.52 60.357 55.344 57.836 59.772
162 1037.78 90.36 91.36 90.4 89.88 62.905 52.385 61.257 57.421
163 1044.18 89.68 91.52 90.24 90.56 63.078 52.252 60.282 58.693
164 1050.57 90.32 90.88 91.04 90 60.33 53.841 61.677 59.547
165 1056.97 89.8 90.68 90.6 90.72 67.587 58.063 55.01 56.848
166 1063.36 90.6 89.96 90.32 90.48 55.463 60.402 62.635 57.769
167 1069.78 89.2 91 90.36 90.4 69.522 54.133 62.13 53.212
168 1076.21 90.12 90.4 90.08 90.28 63.572 59.416 60.424 58.953
169 1082.61 89.92 91.64 90.24 89.52 60.201 51.781 65.136 64.361
170 1089.06 90.4 90.2 90.4 90.64 65.605 57.254 59.457 56.773
171 1095.5 90.24 88.76 90.36 90.96 58.569 73.38 56.509 65.236
172 1101.9 90.04 90.24 89.64 91.12 65.197 60.699 65.896 55.616
173 1108.29 90.24 90.08 90.24 89.84 57.044 62.247 60.543 66.729
174 1114.67 89 89.88 89.64 90.28 70.311 64.32 63.794 55.15
175 1121.07 89.64 89.96 90.28 90.04 71.644 68.244 61.73 60.838
176 1127.47 89.4 90.08 89.44 89.36 69.556 64.849 66.753 61.23
177 1133.88 90.28 89.12 89.28 88.56 61.708 66.857 70.544 69.921
178 1140.28 89.04 89.52 88.88 89.32 68.782 67.324 66.336 67.183
179 1146.66 88.28 89.12 89.32 88.28 71.332 64.519 63.299 68.41
180 1153.07 89.6 88.84 89.12 89.28 60.041 65.795 64.086 65.771
181 1159.46 88.8 87.96 87.88 88.88 66.695 68.753 72.62 59.926
182 1165.87 88.68 88.16 88.44 88.04 58.689 67.848 67.348 66.408
183 1172.28 87.64 87.36 87.72 87.24 67.994 67.985 62.864 66.374
184 1178.67 89.04 88.84 88.84 87.44 52.493 61.751 62.66 61.878
185 1185.07 86.12 88.12 88.2 87.88 67.749 57.277 58.29 62.355
186 1191.47 89.16 88.44 88.24 87.88 55.869 56.133 66.707 59.459
187 1197.86 88.68 88.12 87.92 87.72 58.589 62.411 58.951 60.95
188 1204.25 87.44 88.48 88 87.48 58.013 54.444 59.009 57.525
189 1210.67 88 86.88 88.4 87.52 62.598 66.248 58.761 58.957
190 1217.06 87.52 87.08 86.6 87.6 66.224 65.186 61.12 60.525
191 1223.48 86.2 87.28 86.84 86.12 72.617 65.281 59.919 70.789
192 1229.9 87.8 87.52 87.68 86.24 62.663 58.472 58.222 71.094
193 1236.29 87.8 88.56 87.64 87.16 62.574 55.04 56.316 59.702
194 1242.68 87.76 87.68 87.2 86.92 55.823 62.799 63.757 62.17
195 1249.1 86.24 87.28 87.36 87.32 69.087 62.69 59.892 64.72
196 1255.51 88.44 86.76 87.44 88.08 55.384 62.614 60.424 56.607
197 1261.9 86.32 85.48 85.52 86.32 64.91 64.822 70.957 62.084
198 1268.31 87.48 87.72 88.32 87.8 58.308 58.177 51.407 54.902
199 1274.69 88.76 88 87.16 87.92 53.442 55.981 61.842 57.72
200 1281.1 87.64 85.68 86.24 87.88 60.448 71.994 70.43 61.697
201 1287.5 86.6 85.92 88.12 86.68 62.184 68.563 53.952 65.192
202 1293.92 87.96 88.24 87.64 87.76 57.258 57.382 62.834 61.953
203 1300.31 88.04 87.52 88.64 88.04 54.417 57.76 54.231 54.686
204 1306.7 87.16 87.56 88.68 87.52 60.155 59.656 55.49 65.13
205 1313.11 87.96 88.2 88.16 87.32 62.813 56.538 57.026 60.791
206 1319.48 88.24 87.64 87.72 88.04 51.95 63.107 59.792 62.818
207 1325.9 88.32 88.48 87.28 87.68 60.301 59.457 71.158 55.2
208 1332.32 86.68 88.4 88.16 87.92 68.395 60.036 59.264 59.663
209 1338.69 87.88 88.52 88.64 89.08 60.011 57.567 56.176 56.301
210 1345.1 88 87.64 87.52 87.96 60.188 62.615 68.14 59.642
211 1351.52 89.28 87.84 88.08 88.4 53.733 61.844 63.068 59.254
212 1357.94 89 87.4 87.44 87.88 55.969 61.884 63.238 61.977
213 1364.36 89.6 88.24 89.48 88.12 54.933 65.279 56.925 62.452
214 1370.75 87.28 89.16 87.6 88.44 66.712 51.052 61.657 61.162
215 1377.14 87.6 89.08 88.4 88.64 60.491 58.678 63.295 57.861
216 1383.55 88.28 89.4 89 88.44 61.266 58.119 52.646 57.898
217 1389.94 88.56 88.68 90.12 88.48 60.72 58.583 50.691 61.215
218 1396.34 89.4 89.6 89.04 88.08 60.115 54.936 64.809 63.736
219 1402.71 89.92 89.44 89.12 88.48 54.261 59.281 61.033 58.049
220 1409.12 89.28 89.8 89.92 88.24 60.368 55.252 61.67 66.013
221 1415.56 89.2 89.52 89.68 89.44 60.454 58.731 61.923 58.952
222 1421.96 89.64 90.68 89.68 89.28 53.945 52.558 57.172 65.377
223 1428.35 90.28 89.76 89.72 89.92 51.47 60.095 54.163 59.773
224 1434.74 89.6 90 90.6 89.48 57.381 56.71 55.004 65.741
225 1441.17 89.48 89.8 91.6 88.84 62.163 59.67 45.883 58.692
226 1447.57 90.6 90.8 89.92 89.08 52.647 54.792 60.604 62.58
227 1453.97 90.32 90.56 89.48 89.2 55.094 54.359 64.399 61.28
228 1460.39 90.2 90.04 90.08 89.96 61.899 57.42 61.184 58.92
229 1466.77 90.6 90.92 90.2 89.52 58.461 56.909 55.733 64.418
230 1473.18 90.12 90.12 89.68 91.36 61.685 56.132 65.151 51.824
231 1479.57 89.76 91.36 89.52 90.2 65.202 52.316 62.347 56.174
232 1485.97 89.8 90.16 90.8 90.6 59.591 63.796 54.54 57.039
233 1492.38 91 90.24 90.56 89.56 52.057 58.68 54.896 65.672
234 1498.75 90.28 89.76 90.48 90.84 56.907 61.008 61.404 57.39
235 1505.16 91.52 89.92 90.28 90.44 50.554 63.146 57.187 60.726
236 1511.56 89.92 91.2 90.12 90.88 60.807 50.854 64.656 57.37
237 1517.98 90.4 90.68 89.68 91.24 58.245 57.48 68.247 51.633
238 1524.39 90.64 90 90.96 90.96 59.308 62.069 54.245 57.816
239 1530.77 90.04 90.84 90.96 90.08 62.901 62.646 53.211 57.108
240 1537.17 90.52 91 90.36 89.92 58.269 55.881 55.845 64.877
241 1543.56 90 91.28 89.64 91.12 64.312 56.068 61.422 55.606
242 1549.94 90.4 90.48 90.72 90.56 59.719 56.551 59.142 58.629
243 1556.33 91.04 88.72 91.24 90.92 53.162 68.791 51.833 60.889
244 1562.75 90.44 91.32 90.68 90.12 57.619 50.445 59.781 64.645
245 1569.16 90.68 90.2 90.68 91.2 60.87 58.816 56.774 57.535
246 1575.58 90.4 90.12 90.72 91.08 60.209 63.89 59.408 52.191
247 1581.98 90.76 89.8 91.44 90.56 57.634 65.278 53.715 59.134
248 1588.37 91.2 90.36 90 90.96 51.921 63.429 64.213 56.578
249 1594.79 90.24 90.68 90.4 90.88 64.273 54.19 62.097 54.752
250 1601.19 91.2 89.76 90.64 90.6 57.415 59.754 61.473 56.977
251 1607.59 90.44 90.8 90.76 90.48 63.724 56.39 58.387 56.808
252 1613.99 90.92 90.8 90.72 90.04 56.368 57.013 59.632 62.851
253 1620.39 91.2 90.36 89.84 90.92 59.359 60.042 55.943 60.702
254 1626.8 90.36 91 90.84 89.8 61.285 57.435 60.255 57.291
255 1633.2 90.8 90.52 91.64 89.64 53.196 60.721 56.919 62.346
256 1639.6 91.04 90.72 90.56 90.12 57.388 62.082 53.672 62.505
257 1646.02 90.36 91.16 90.52 90.6 58.811 59.123 61.027 53.785
258 1652.42 90.88 90.36 90.04 90.8 56.874 60.913 58.882 57.3
259 1658.81 91.2 90.28 90.88 90.32 49.855 59.137 60.808 64.486
260 1665.21 90 89.84 90.68 92 62.408 62.509 58.25 53.446
261 1671.59 91.16 90.68 90.4 90.08 51.625 60.832 64.439 56.65
262 1678.01 90.24 91.44 89.68 90.28 57.232 52.394 64.57 61.93
263 1684.42 89.8 91.16 91.32 90.72 65.474 56.634 51.365 61.105
264 1690.82 90.72 89.64 90.44 91 60.397 57.913 62.338 56.263
265 1697.22 90.4 89.56 91.76 90 58.698 64.916 49.5 65.583
266 1703.61 91.48 90.56 90.72 89.56 52.685 59.768 59.599 67.116
267 1709.99 89.88 91.6 90.48 90.36 62.247 55.795 57.207 61.598
268 1716.38 90.4 90.84 89.92 90.88 62.55 58.957 62.501 53.671
269 1722.77 90.32 90.92 90.88 90.2 55.129 60.944 62.56 62.635
270 1729.16 91.28 90.88 91.12 89.4 52.316 62.304 55.731 71.055
271 1735.53 90.92 90.6 90.64 90.6 58.829 57.777 63.21 61.085
272 1741.95 90.6 91.24 89.24 90.88 61.189 56.783 72.91 54.697
273 1748.35 90.16 90.52 90.92 89.96 67.193 59.073 58.122 63.776
274 1754.75 90.36 90 90.2 90.04 59.57 66.708 59.291 61.826
275 1761.15 91.28 90.36 89.32 90.56 59.319 60.863 69.965 60.334
276 1767.55 90.84 90.24 89.72 90 59.967 64.306 63.081 60.996
277 1773.94 89.92 89.28 90.52 90.32 62.834 69.046 60.948 63.944
278 1780.32 88.12 90.44 90.8 90.16 76.227 54.785 59.732 59.146
279 1786.75 89.6 89.08 89.64 90.28 69.205 66.062 65.532 67.188
280 1793.15 89.2 88.76 88.36 88.96 65.771 74.297 70.973 65.469
281 1799.53 88.28 88.88 88.88 89.64 70.272 65.647 65.821 57.967
282 1805.95 89.24 89.68 89 89.32 62.858 66.968 62.569 59.436
283 1812.37 88.84 88.12 87.96 88.36 68.993 63.042 63.431 66.72
284 1818.77 88.72 88.32 88.64 89.04 66.876 70.326 66.127 59.084
285 1825.19 88.12 88.92 87.28 88.32 66.617 57.134 65.615 58.354
286 1831.59 89.16 88.92 88.56 89.4 59.523 59.466 59.391 53.955
287 1837.99 87.68 88.56 87.92 88.48 62.017 64.828 64.1 65.959
288 1844.39 87.64 87.88 87.88 87.24 67.28 67.681 66.877 70.091
289 1850.79 87.16 88.36 88.16 88.72 68.013 58.381 54.183 59.069
290 1857.19 87.6 88.28 88.12 88.72 62.599 60.71 60.113 53.616
291 1863.6 87.36 87.84 89.72 87.36 69.542 70.026 54.025 64.032
292 1869.98 88 88.6 88.44 88.76 62.374 56.606 59.199 53.756
293 1876.4 87 89.2 88.24 87.36 63.286 55.298 59.223 64
294 1882.79 87.24 89.2 87.8 87.96 61.71 52.88 60.49 60.746
295 1889.21 88.8 86.04 88.44 87.64 53.59 69.71 56.544 56.525
296 1895.61 87.52 88.2 86.8 88.4 62.356 58.721 66.451 56.407
297 1902 88.64 87.52 89.04 88.68 57.956 56.721 53.247 49.784
298 1908.42 87.44 88.44 86.44 87.8 61.326 59.481 71.107 60.588
299 1914.81 87.68 88.72 88.88 87.64 63.724 57.254 53.583 56.944
300 1921.23 89.4 88.56 88.08 87.92 48.262 55.084 59.648 61.891
301 1927.63 88.84 88.24 87.32 88.48 61.727 59.069 62.816 53.82
302 1934.02 87 86.68 87.84 87.16 69.202 69.128 62.859 73.922
303 1940.41 89.24 87.64 88.92 88.08 53.122 65.118 54.26 57.425
304 1946.81 86.72 87.6 88.12 88.52 66.952 64.553 62.961 60.808
305 1953.2 87.96 88.24 89.28 87.52 62.401 60.292 53.34 62.111
306 1959.6 88.12 88.12 88.52 89.28 62.366 63.036 55.654 53.854
307 1966 87.12 87.24 87 87.48 65.113 68.004 65.106 66.185
308 1972.4 88.52 87.84 88.72 89.32 58.625 63.228 60.716 57.623
309 1978.8 88 88.2 87.52 87.36 61.336 58.516 64.34 64.206
310 1985.22 89.28 88.56 88.96 88.64 51.605 59.41 54.741 60.999
311 1991.6 88.16 88.12 88.2 88.52 59.36 67.814 59.58 57.301
312 1998.04 88.16 89.16 88.72 89.6 65.281 58.604 57.729 57.534
313 2004.48 90 90.08 88.32 89.32 53.566 52.07 60.828 56.442
314 2010.87 88.88 89.68 87.84 88.72 60.534 56.429 63.398 62.577
315 2017.29 89 88.6 88.4 88.52 52.434 66.232 61.478 59.145
316 2023.69 89.44 89 90.24 89.36 60.637 63.551 53.358 61.595
317 2030.09 89.76 88.84 90.72 89 65.136 62.379 51.203 59.518
318 2036.49 89.56 88.68 89.12 88.76 56.724 64.435 59.445 64.103
319 2042.87 89.4 90 89.88 89.28 53.403 55.588 55.568 65.506
320 2049.27 88.24 88.8 89.88 90.36 68.517 68.3 60.796 56.84
321 2055.66 89.4 89.76 89.64 89.72 60.178 61.888 57.006 66.195
322 2062.06 90.16 89.8 90.28 89 60.753 57.665 57.909 66.316
323 2068.47 90.24 89 89.8 90.88 59.495 66.326 58.362 51.011
324 2074.88 90.56 90.48 89.92 90.2 56.495 58.233 60.562 56.331
325 2081.29 90 89.56 90.44 90.12 58.446 64.997 52.362 61.035
326 2087.67 90.88 90.44 89.76 90.52 56.373 49.595 65.726 59.43
327 2094.09 90.4 90.44 90.68 89.52 55.548 56.64 48.653 61.874
328 2100.49 90.56 90.52 91.52 90.04 59.848 51.953 56.333 59.138
329 2106.88 91.6 90.24 90.92 90 51.731 59.931 50.417 62.807
330 2113.29 90.84 91.32 90 90.04 56.844 55.294 53.228 61.045
331 2119.68 90.48 89.96 90.24 91.08 50.126 64.015 61.346 54.304
332 2126.08 89.8 90.6 90.92 90.2 61.676 54.669 56.822 57.413
333 2132.46 90.8 90.84 90.8 89.56 56.315 57.372 51.662 63.247
334 2138.86 91.48 90.48 90.04 90.8 50.394 63.413 66.122 51.918
335 2145.28 90.68 90.04 90.84 91 54.525 65.33 53.236 56.452
336 2151.68 90.16 90.04 90.92 91.56 61.417 61.736 55.891 51.891
337 2158.07 90.68 90 90.76 91.48 59.071 60.531 52.041 57.582
338 2164.47 91.24 90.84 91.48 89.68 54.929 61.15 52.996 61.339
339 2170.87 91.16 90.92 90.56 90.56 56.266 59.261 55.157 60.613
340 2177.28 90.56 90.28 91.2 91.2 62.779 60.637 49.573 55.689
341 2183.69 90.68 90.12 91.36 91.2 57.776 63.768 54.098 53.934
342 2190.09 91.12 90.72 90.72 90.72 51.485 58.191 58.357 60.708
343 2196.49 91.92 89.44 91.16 90.88 49.39 66.228 59.665 53.213
344 2202.89 90.36 90.52 90.36 91.84 57.238 58.023 60.128 52.688
345 2209.3 90.52 91.24 90.32 90.76 57.205 52.498 60.826 59.457
346 2215.72 90.8 90 91.36 90.88 62.669 56.434 53.861 54.65
347 2222.05 91.28 90.96 90 91.04 55.027 51.192 65.454 57.341
348 2228.5 90.84 90.08 91.36 91.08 59.376 62.674 49.046 55.582
349 2234.88 90.84 91.64 90.64 90.28 56.296 52.57 58.834 59.015
350 2241.33 90.4 91.12 91.4 90.12 61.334 57.318 52.973 56.751
351 2247.72 90.64 90.8 91.16 90.72 59.607 54.377 55.184 59.947
352 2254.13 90.92 90.32 90.84 91.32 52.882 57.776 55.712 61.451
353 2260.55 91.68 90.2 91 90.36 50.545 64.124 58.472 54.352
354 2266.95 90.12 90.64 90.88 90.92 56.596 57.355 55.9 57.512
355 2273.34 90.92 90.76 91.04 90.72 56.245 57.229 55.699 57.464
356 2279.76 90.88 90.08 90.88 91.36 56.652 60.333 55.199 55.123
357 2286.16 90.28 91.28 90.48 91.08 59.888 54.948 59.71 52.866
358 2292.57 90.28 90.96 90.2 91.28 59.345 55.955 60.724 54.157
359 2298.97 91.32 90.6 91.24 90.08 56.616 53.062 55.782 61.911
360 2305.36 91.24 89.24 90.96 91.56 58.162 68.931 52.149 49.129
361 2311.75 91.28 90.16 90.68 91.28 54.942 61.319 59.741 53.829
362 2318.16 90.52 90.12 90.92 91.88 62.468 64.392 54.252 47.009
363 2324.55 90.72 90.52 90.6 91.28 57.27 60.274 58.426 53.925
364 2330.94 91.12 89.96 91.2 91.08 53.869 66.996 55.711 52.768
365 2337.34 90.64 90.4 90.68 91.2 59.677 60.893 58.305 52.874
366 2343.73 92.08 89.56 90.28 90.84 49.853 62.786 61.452 59.667
367 2350.13 90.56 91.64 90 91.32 58.968 52.819 66.144 55.332
368 2356.51 90.32 90.44 91.04 90.52 55.524 61.288 57.179 58.511
369 2362.92 91.2 91.44 90.32 89.68 54.04 56.145 60.899 63.312
370 2369.31 89.8 90.96 91.04 90.6 60.316 58.973 57.573 58.79
371 2375.72 91.92 90.72 90.4 89.8 55.361 61.354 60.763 61.137
372 2382.13 89.92 90.52 91.76 91.32 67.029 65.148 49.476 59.242
373 2388.55 91.32 90.76 89.8 90.68 59.231 51.667 71.776 58.547
374 2394.94 90.32 90.36 90.48 90.44 58.548 61.066 61.962 59.412
375 2401.35 89.6 90.36 90.36 90.52 66.463 59.516 59.942 64.059
376 2407.74 91.2 90.76 90.24 90.52 56.768 57.546 63.436 62.515
377 2414.12 89.76 91 89.92 90.68 62.561 56.879 63.508 63.865
378 2420.5 90.16 90.84 90.2 90.44 59.427 60.017 65.105 61.763
379 2426.91 89.88 89.76 90.28 90.6 66.749 66.533 64.655 58.368
380 2433.31 90.2 90.72 89.84 89.12 66.576 65.897 62.604 64.721
381 2439.7 88.76 89.96 89.36 89.56 66.53 60.28 67.771 65.11
382 2446.11 89.4 89.6 89.2 90.44 67.15 66.55 66.554 61.755
383 2452.52 87.88 88.52 89.52 88.44 69.019 73.971 64.541 68.9
384 2458.91 88.52 89.32 88.8 89 67.133 56.54 67.849 65.51
385 2465.33 87.92 88.44 88.12 88.52 73.436 66.048 68.434 65.793
386 2471.73 89.84 87.84 88.8 88.72 57.204 64.012 60.029 62.077
387 2478.1 88.04 88.88 90.04 88.32 63.582 56.757 49.925 68.279
388 2484.5 88.4 89.08 88.6 87.4 51.909 50.258 57.185 70.659
389 2490.88 89.28 89.04 88.72 89.28 57.167 57.513 61.798 54.941
390 2497.26 88.2 86.96 87.88 88.4 61.551 68.598 61.109 54.874
391 2503.68 87.8 88.48 87.4 88.32 56.365 57.123 59.349 57.464
392 2510.07 87.88 88.2 86.96 87.56 58.718 61.297 68.288 65.374
393 2516.48 87.84 88.08 89.84 88.84 54.491 57.84 54.32 54.609
394 2522.87 87.84 88.16 88.08 88.28 58.144 59.113 58.727 60.323
395 2529.26 87.28 87.88 88.24 87.72 59.09 56.775 57.941 62.987
396 2535.64 87.28 87.12 87.88 87.56 67.203 71.285 62.826 61.03
397 2542.05 86.8 88.88 88.92 88.16 61.356 57.609 50.327 55.096
398 2548.46 87.2 87.6 87.36 87.2 58.08 64.676 61.372 62.721
399 2554.87 88.84 88.36 88.64 88.52 52.681 53.513 56.83 54.551
400 2561.26 89.56 87.76 89 88 50.513 58.188 52.456 59.181
401 2567.67 88.44 88.92 87.56 88.8 58.775 51.532 64.547 56.41
402 2574.05 88.84 87.68 87.2 88.72 52.422 56.584 68.268 55.089
403 2580.44 88.96 88.56 86.64 88.16 53.75 54.043 59.933 61.417
404 2586.84 88.04 87.88 87.8 88.2 59.574 57.333 55.409 60.425
405 2593.24 88.96 89.24 88.2 88.12 57.589 51.152 56.617 61.068
406 2599.64 88.92 89.6 88.44 88.32 57.25 52.759 59.72 58.023
407 2606.05 88.68 88.16 88.92 87.96 56.87 58.507 57.407 60.638
408 2612.46 89.04 88.84 88.72 88.88 57.185 52.738 56.064 55.427
409 2618.85 89.04 90.04 88.64 89.24 53.891 48.047 63.298 52.941
410 2625.25 89.12 89.52 89.04 88.88 57.351 57.765 58.246 56.746
411 2631.63 88.8 89.44 88.2 88.24 53.063 58.525 62.451 57.194
412 2638.04 88.88 89.4 89.2 89.04 60.838 59.678 59.323 57.575
413 2644.43 88.76 89.2 88.44 87.72 60.267 66.198 64.187 70.774
414 2650.83 89.04 88.52 88.84 89.16 62.706 62.087 55.886 57.11
415 2657.21 89.6 89.32 89 90.28 55.605 55.654 58.232 53.721
416 2663.59 90.2 89.28 89.08 88.84 57.469 61.629 63.103 63.426
417 2670.01 90.36 88.8 89.32 89.92 52.902 58.874 57.785 56.37
418 2676.39 89.24 90.84 89.76 89.92 58.619 50.176 54.208 56.203
419 2682.78 89.8 90.48 88.68 90.16 62.319 53.582 61.97 53.228
420 2689.2 90.16 90.36 89.36 90.96 55.821 57.93 62.185 49.692
421 2695.57 89.76 90.04 88.68 90.96 56.621 53.915 63.703 50.739
422 2701.97 90.08 89.2 89.44 91.08 53.822 61.99 62.663 49.439
423 2708.38 90.12 90.68 89.92 90.6 51.762 57.906 60.785 61.133
424 2714.79 90 89.72 90.92 90.32 60.144 60.904 53.214 58.158
425 2721.19 90.72 89.44 91.08 90.24 57.331 67.259 50.954 57.877
426 2727.61 90.28 90.92 90.48 90.28 59.512 54.527 54.545 55.909
427 2734.01 90.52 90.6 90.28 91.56 51.282 58.574 54.92 52.628
428 2740.39 90.72 90.64 91.08 90.52 54.774 63.908 49.213 57.317
429 2746.81 90.36 91.32 90.2 90.36 56.676 49.256 58.506 55.602
430 2753.18 89.92 90.76 90.84 91.16 59.829 56.822 53.624 52.711
431 2759.58 91.96 90.32 90.48 90.72 46.012 58.708 57.367 58.55
432 2765.98 91 91.2 90.72 90.6 56.869 50.267 52.971 58.193
433 2772.37 90.16 92.12 90.92 90.92 57.278 48.823 58.139 54.723
434 2778.74 91.24 90.64 90.64 91.12 51.285 57.679 57.862 52.593
435 2785.15 91.56 90.76 90.6 91.2 53.174 55.944 56.991 51.807
436 2791.53 90.68 91.52 90.72 91.8 54.879 57.27 57.902 52.045
437 2797.93 90.64 90.52 91.16 92.12 55.474 60.419 53.641 50.356
438 2804.33 91.68 91.08 90.92 90.4 50.803 54.011 58.252 57.576
439 2810.72 91.08 91.2 90.36 91.72 58.566 52.548 55.376 53.049
440 2817.16 90.92 91.72 90.64 90.88 60.334 48.403 53.893 57.638
441 2823.56 90.88 90.96 90.76 90.96 56.179 55.653 56.728 51.764
442 2829.95 91.64 91.32 90.96 90.4 53.336 51.559 52.24 63.603
443 2836.36 91.8 90.96 90.92 90.68 55.131 51.767 56.953 56.148
444 2842.76 91.04 90.48 91.92 90.56 58.327 56.941 51.301 55.445
445 2849.14 91.52 91.2 91.24 90.6 51.498 53.111 54.225 59.454
446 2855.54 91.32 91.52 89.96 91.56 54.229 51.081 63.171 49.474
447 2861.93 91.24 91.04 90.6 91.24 54.347 57.223 56.731 51.869
448 2868.34 90.52 91.6 90.72 91.4 55.658 56.138 52.542 56.463
449 2874.73 91.48 91.96 90.68 90 52.775 54.869 54.53 57.072
450 2881.14 90.44 91.6 91.24 91.32 55.987 52.578 54.744 55.588
451 2887.53 91.28 91.12 91.48 90.76 52.072 58.761 53.731 55.879
452 2893.95 91.64 91.36 89.96 91.24 49.407 49.759 63.9 58.358
453 2900.33 91.32 91.16 90.64 91.48 50.77 55.8 58.818 54.261
454 2906.75 90.6 91.16 91.2 91.4 54.101 53.922 53.437 56.691
455 2913.12 90.92 91.48 91.12 90.8 58.592 50.886 48.106 62.908
456 2919.52 90.88 90.68 90.72 91.68 52.919 58.162 56.803 51.784
457 2925.91 91.32 90.16 91.76 91.16 51.907 55.934 53.822 59.494
458 2932.31 91.72 91 90.84 90.8 52.16 53.836 61.439 53.703
459 2938.7 90.8 92 91.56 90.4 55.87 50.418 52.834 59.072
460 2945.1 91.88 90.64 91.04 90.92 48.064 59.844 55.11 55.973
461 2951.48 90.8 91.96 91.48 90.8 61.525 51.636 50.017 56.169
462 2957.9 91.64 91.04 90.96 90.96 52.472 57.204 55.754 55.883
463 2964.29 91.64 90.96 90.88 90.6 53.605 53.403 54.873 59.813
464 2970.67 91.04 91.2 91.84 90.76 55.002 55.358 51.521 55.329
465 2977.07 91.6 91.4 91.2 90.72 52.71 52.239 51.874 64.241
466 2983.49 90.56 91.32 91.2 92.04 58.463 53.811 57.696 47.909
467 2989.89 91.92 90.24 91.44 90.84 48.529 64.249 50.772 61.339
468 2996.29 90.72 90.92 90.8 91.96 59.605 56.169 58.972 46.788
469 3002.68 91.76 92.12 90.4 90.04 49.146 46.972 60.353 65.6
470 3009.09 91.24 92.16 90.76 90.2 51.562 50.748 59.278 66.052
471 3015.52 90.92 91 91.16 91.56 57.278 57.691 56.255 55.069
472 3021.92 91.68 90.76 91.28 90.36 52.433 59.927 55.218 58.18
473 3028.33 91.36 90.64 91.36 91.08 57.88 61.225 55.531 52.696
474 3034.72 90.2 91.4 91.16 91.68 60.336 57.739 52.473 53.119
475 3041.11 90.4 90.96 91.24 91.32 59.507 58.166 54.963 49.829
476 3047.5 90.24 91.24 91.84 90.56 59.365 55.882 52.609 60.628
477 3053.87 91.4 90.44 89.88 90.64 50.939 61.645 59.839 60.207
478 3060.31 91.16 89.88 91.12 90.12 53.603 61.811 54.158 65.164
479 3066.67 91.52 89.32 90.88 90.32 53.01 66.944 55.618 61.67
480 3073.09 90.76 89 90.08 91 52.377 67.565 66.138 59.355
481 3079.51 89.88 89.16 89.44 90.24 59.572 69.932 61.129 58.358
482 3085.92 90.04 89.32 89.8 89.68 63.241 63.689 66.297 65.597
483 3092.29 89.04 90.12 89.44 89.68 68.142 53.899 66.718 64.592
484 3098.69 89.12 89.12 89.24 89.16 61.191 67.362 60.763 64.636
485 3105.09 89.92 89.04 90.4 88.28 56.151 62.743 51.325 66.748
486 3111.49 90.2 89.68 89.28 89.36 57.329 58.923 51.419 56.076
487 3117.89 88.08 87.24 88.72 87.76 63.696 64.347 60.4 67.96
488 3124.29 88.8 89.64 89.2 88.28 56.415 50.384 55.792 59.629
489 3130.67 87.32 86.88 88.68 88.6 67.513 71.32 58.606 60.678
490 3137.11 87.2 87.88 86.52 87.24 59.58 66.944 68.36 67.971
491 3143.52 88.76 88.6 89.16 88.04 55.073 55.555 54.527 59.079
492 3149.94 88.84 87.6 89.2 88.28 60.008 62.355 57.291 55.154
493 3156.36 88.56 89.16 89.4 87.76 58.609 54.632 53.711 58.92
494 3162.77 88.88 88.24 87.92 89.08 55.797 58.57 60.809 52.675
495 3169.17 88.52 87.48 87.8 87.76 58.136 61.511 58.93 59.155
496 3175.57 89.32 87.52 89.24 87.6 57.384 58.031 53.59 62.605
497 3181.93 87.68 90 88.32 88.84 55.707 44.136 61.477 55.921
498 3188.34 88.68 88.52 88.4 88.16 54.558 57.55 54.876 55.062
499 3194.73 89 88.6 88.04 89.12 52.757 60.689 60.81 56.151
500 3201.13 88.76 88.6 87.52 89.4 58.587 62.494 63.727 59.075
501 3207.53 88.08 87.72 87.92 87.4 59.574 58.822 57.026 59.378
502 3213.92 87.32 87.52 89.44 89.24 56.76 58.632 49.67 48.526
503 3220.33 89.24 88.96 88.6 88.64 54.22 52.675 57.533 53.65
504 3226.71 88.8 88.6 87.88 88.28 55.607 57.563 60.893 58.856
505 3233.1 87.8 90.76 90.44 88.56 59.52 44.258 45.685 54.013
506 3239.52 88.16 87.36 87.72 88.56 60.991 65.9 64.453 66.507
507 3245.91 88.52 89.44 89.12 89.64 55.274 55.724 54.17 48.686
508 3252.29 89.16 89.88 89.44 88.88 56.699 50.929 55.039 54.839
509 3258.67 88.44 88.36 89.36 88.48 56.946 56.36 57.484 58.613
510 3265.09 90.4 89.44 88.96 88 50.869 54.862 52.241 65.446
511 3271.5 89.08 89.88 89.44 88.8 58.229 55.597 57.266 57.064
512 3277.89 89.64 89.32 89.48 89.56 52.449 54.452 53.037 56.956
513 3284.3 88.68 89.04 88.16 87.92 58.733 58.971 57.97 63.764
514 3290.67 90.56 90.24 89.6 89.16 47.29 52.316 54.318 54.585
515 3297.06 90.36 89.68 90.24 89.44 55.028 56.421 55.489 52.713
516 3303.45 90.36 89.28 89.72 89.64 52.566 56.367 55.803 55.271
517 3309.88 89.08 89.76 89.2 89.56 63.414 51.236 62.168 59.253
518 3316.27 88.76 89.44 89.68 90.36 64.496 61.265 54.274 51.787
519 3322.69 90.64 89.92 89.48 90.4 57.571 54.926 59.293 52.862
520 3329.1 89.88 90.28 89.48 91.2 59.586 57.426 59.67 46.67
521 3335.52 90.28 90.08 89.88 89.96 54.725 55.587 60.16 53.999
522 3341.91 91 90.56 90.2 89.4 49.009 52.755 54.667 63.825
523 3348.3 91.44 91.2 89.84 90.48 47.598 55.48 58.403 54.054
524 3354.69 91.56 90.04 90.64 90.36 46.986 61.644 50.672 59.286
525 3361.09 91.84 90.28 90.08 90.4 45.351 59.836 62.106 57.321
526 3367.49 90.96 90.12 89.92 92.12 49.529 60.29 64.588 50.651
527 3373.88 90.52 90.68 90.44 91.8 57.357 57.546 55.225 48.077
528 3380.3 91.12 90.96 90.44 90.44 52.859 54.362 55.429 58.109
529 3386.68 91.4 91.32 90.2 90.96 50.937 49.977 60.023 56.729
530 3393.09 91.6 90.96 90.48 91.68 46.575 55.891 59.324 54.405
531 3399.47 90.48 91.48 91.56 91.64 59.042 52.302 49.587 52.024
532 3405.89 92 91.24 91.76 90.08 50.714 53.998 51.079 59.594
533 3412.26 91.56 90.4 91.96 90.8 54.249 59.346 48.554 52.887
534 3418.7 91.88 91.92 90.48 90.4 52.156 52.099 56.501 54.988
535 3425.09 91.2 92.6 91.24 90.24 53.426 44.676 53.23 60.456
536 3431.48 91.88 91.4 91.16 91.08 51.691 55.785 56.81 51.071
537 3437.91 91.52 91.72 91.56 90.28 50.741 50.134 52.211 61.951
538 3444.29 91.08 91 91.56 90.96 51.006 55.345 53.301 56.916
539 3450.71 91.76 90.8 90.6 91.92 53.052 57.182 56.919 46.113
540 3457.1 91.44 91.48 91.88 90.44 52.348 50.478 49.995 59.217
541 3463.52 91.08 90.12 91.44 91.84 51.682 64.038 52.778 45.409
542 3469.91 90.92 91.2 92.2 90.4 58.214 49.878 49.389 56.416
543 3476.32 91.72 90.16 90.48 92.36 49.772 62.408 55.053 46.465
544 3482.71 90.92 90.84 91.56 91.08 55.951 54.719 53.021 47.991
545 3489.13 90.96 91.44 90.88 91.6 56.636 50.799 57.72 48.474
546 3495.53 91.28 91.08 91.32 90.84 52.165 53.171 50.399 57.338
547 3501.93 91.32 90.96 90.88 91.88 52.88 54.905 55.072 50.432
548 3508.34 91.88 90.68 90.72 91.12 50.457 54.46 53.943 54.805
549 3514.72 91.2 91.6 90.92 90.92 54.523 52.882 55.681 50.564
550 3521.12 91.2 91.44 91.04 91.4 51.253 51.433 55.185 52.704
551 3527.52 90.88 91.4 91.68 91.2 59.105 44.266 55.885 52.374
552 3533.95 91.04 92.32 90.8 90.96 55.417 48.935 58.409 51.773
553 3540.35 90.52 91.08 92.28 91.16 59.949 55.745 45.551 51.712
554 3546.72 91.96 90.72 91.76 90.52 46.226 55.34 50.817 59.372
555 3553.12 91.76 91.08 91 90.68 49.39 56.037 57.067 52.076
556 3559.51 90.92 91.2 90.96 92.04 59.253 49.66 56.283 47.033
557 3565.94 91.52 91.52 90.88 91.16 52.954 53.514 51.69 55.124
558 3572.33 90.84 91.08 91.08 92.12 55.776 52.171 52.502 49.74
559 3578.73 91.08 91.32 91.88 90.72 53.046 49.995 52.252 56.305
560 3585.12 90.84 91.64 90.56 91.44 55.127 50.337 55.339 53.297
561 3591.53 91.6 90.84 91.12 91.76 52.149 60.578 54.66 45.548
562 3597.96 91.28 91.36 91.28 91.4 53.386 54.692 55.469 49.394
563 3604.35 91.76 91.44 90.92 91.32 52.276 48.581 55.131 54.515
564 3610.74 91.32 91.64 91.36 91.16 50.943 52.488 50.475 58.557
565 3617.13 90.48 92.08 91.72 90.92 57.434 49.534 50.091 55.399
566 3623.53 90.72 91.6 91.64 91.4 55.828 57.48 50.057 49.527
567 3629.93 92.52 91.2 91.56 90.56 44 61.156 51.684 58.251
568 3636.32 91.08 91.72 90.88 91.28 52.567 49.514 58.973 54.399
569 3642.72 90.52 90.88 91.4 92 58.017 55.437 53.434 46.709
570 3649.11 91 91.52 91.56 91.24 54.668 54.952 52.136 50.557
571 3655.5 92.16 90.36 91.36 91.44 48.333 60.94 55.148 51.92
572 3661.9 91.48 91.8 91 90.88 55.106 51.149 56.166 56.235
573 3668.31 91.88 91.6 91.16 90.76 50.817 50.666 55.191 60.807
574 3674.73 90.76 91.72 91.16 91.32 55.131 55.872 55.066 54.265
575 3681.12 91 91.88 90.44 91.84 53.792 48.134 62.941 54.079
576 3687.52 91.4 91 90.56 91.68 55.577 52.689 59.046 51.953
577 3693.92 91 90.92 90.36 92.28 56.776 55.047 60.63 49.589
578 3700.32 91.4 90.4 90.8 91.6 55.979 58.944 61.433 50.363
579 3706.76 90.56 91.16 91.16 90.96 58.555 55.064 55.358 56.285
580 3713.14 90.96 90.6 90.24 89.24 52.638 58.131 57.74 72.939
581 3719.56 90.44 91.28 90.28 90.04 61.202 58.054 55.054 64.861
582 3725.95 89.72 88.96 89.72 90.32 67.155 67.132 63.809 63.369
583 3732.36 89.84 88.96 89.32 88.32 60.079 67.515 62.923 70.606
584 3738.77 88.2 88.96 89.88 89.64 70.175 63.522 55.214 57.409
585 3745.16 88.92 89.8 89.16 89.24 60.229 57.162 55.083 54.947
586 3751.57 89.72 89.12 89.2 88.76 55.194 57.829 61.833 62.833
587 3757.98 89.4 89 88.6 89.4 54.47 54.593 60.028 56.858
588 3764.36 89.52 89.84 89.04 88.92 58.23 52.776 56.517 66.45
589 3770.75 87.84 88.04 87.16 87.4 56.088 64.037 65.72 64.946
590 3777.15 88.48 89.92 88.96 89.08 57.909 53.724 57.937 55.435
591 3783.55 88.72 89.28 88.92 89 58.414 55.569 58.888 51.997
592 3789.95 88.48 88.6 87.48 88.48 59.168 55.975 62.198 59.775
593 3796.34 88.64 89.56 89.2 88.92 58.99 57.944 55.218 52.512
594 3802.74 89.72 88.32 88.28 88.84 47.812 59.886 55.441 54.333
595 3809.14 89.84 88.48 89.8 89.28 53.821 55.681 51.145 50.888
596 3815.55 88.64 86.8 87.76 87.52 58.733 65.646 61.837 61.267
597 3821.93 87.64 88.56 87.32 87.56 59.282 53.816 57.881 56.659
598 3828.35 87.4 87.6 88.44 88.36 61.343 60.791 53.215 61.914
599 3834.75 88.92 88.56 87.12 88.16 53.319 57.889 60.32 57.784
600 3841.18 90.48 89.04 89.12 88.04 41.668 51.208 50.238 54.745
