1 15.96 10.44 10.16 9.72 9.88 232.703 234.531 232.38 237.75
2 31.32 10.36 8.2 10.64 10.76 231.861 234.893 238.13 232.18
3 46.72 10.12 10.64 11.16 9.76 249.829 250.696 247.166 240.978
4 62.12 11.24 11.4 12.8 11.72 242.405 234.146 243.402 240.704
5 77.43 12 12.52 12.12 12 239.045 236.666 235.901 232.96
6 92.74 12.24 13.36 11.64 11.6 230.934 233.357 229.549 231.997
7 108.14 16.88 17.64 17.68 16.84 225.67 230.961 228.203 227.349
8 123.55 18.8 20.8 20.04 19.36 206.746 207.524 206.589 207.11
9 138.83 24.48 24 24.76 24.28 201.388 206.011 199.143 198.992
10 154.23 24.08 25.88 23.88 24.2 208.665 206.441 212.051 208.102
11 169.6 30.76 32.56 32.12 33.08 186.315 182.032 181.437 181.753
12 184.92 31.24 32.88 34.2 33.28 181.513 178.154 177.319 176.612
13 200.3 33 34.52 32.36 31.76 175.328 174.627 174.266 175.08
14 215.68 33.6 32.48 34.04 32.16 182.419 179.523 181.784 184.33
15 231.04 28.6 29.48 29.12 29.84 209.827 205.737 206.285 206.922
16 246.49 36.08 35.76 33.68 35.08 168.545 169.669 173.473 168.307
17 261.85 38.64 37.76 37.72 38.32 165.424 165.73 167.931 165.726
18 277.11 37.68 38.92 38.12 37.76 166.182 165.858 165.37 167.18
19 292.47 38.88 38.6 39.96 38.4 162.816 163.727 161.691 161.547
20 307.86 38.92 38.84 38.44 38.72 162.256 162.559 163.02 163.525
21 323.25 40.8 40.04 40.48 41.48 155.848 154.368 155.347 154.82
22 338.59 40.96 42.4 40.44 41.08 155.606 154.717 155.334 156.561
23 353.97 39.56 39.92 40.68 40.84 158.487 157.803 153.531 156.526
24 369.32 43.08 42.96 44.28 43.36 149.374 151.942 145.92 152.717
25 384.67 42.44 41.48 40.16 43.28 154.456 155.656 158.484 148.601
26 400.08 46.52 48.6 48.48 46.48 144.012 140.624 139.681 146.55
27 415.49 49.32 48.2 47.4 46.72 140.333 141.424 141.957 144.08
28 430.92 46.84 48.44 47.88 48.24 143.654 138.801 142.097 141.732
29 446.29 46.92 49.12 49.2 46.8 142.014 137.127 136.209 142.693
30 461.68 51.04 50.68 52.8 51.32 133.695 135.195 130.597 134.574
31 477.07 48.84 51.4 50.84 50.48 142.024 138.706 136.388 142.342
32 492.42 53.32 51.8 51.92 51.6 128.962 132.521 131.05 132.618
33 507.8 51.6 51.04 52.64 52.04 133.47 135.013 133.758 130.21
34 523.3 53.4 53 52.92 54.4 124.178 129.282 127.36 126.575
35 538.63 53.4 53.56 52.92 54.32 127.757 126.66 128.583 127.629
36 553.93 56.8 56.84 55.6 57.04 122.063 118.021 120.667 119.175
37 569.33 57 56.72 53.76 54.44 125.695 125.282 134.365 126.081
38 584.76 55.56 54.04 55.6 55.16 124.287 127.822 124.287 121.298
39 600.11 57.52 58.2 58.44 57.36 118.862 115.217 112.581 119.319
40 615.43 59.2 58.96 58.8 58.72 115.279 116.129 115.265 115.456
41 630.74 58.52 57 58 56.04 117.252 116.196 117.93 118.963
42 646.07 57.96 59.76 57.56 59.52 115.63 112.367 118.87 114.608
43 661.41 58.76 58.92 58.2 59.64 115.862 114.172 113.4 109.803
44 676.78 60.72 58.72 58.08 59.72 109.482 116.527 113.915 111.405
45 692.12 60.72 59.6 59.08 59.08 110.923 110.215 113.084 113.848
46 707.52 58.48 60.4 60.12 60.68 115.373 113.826 110.531 110.615
47 722.88 61.04 60.6 59.72 60.92 107.74 110.706 113.346 108.299
48 738.26 59.6 62.52 60.28 59.92 111.457 108.117 110.247 109.283
49 753.63 60.4 60.96 60.32 59.72 112.29 109.097 108.534 109.71
50 769 59.8 60.6 61.88 59.64 108.653 112.315 106.919 112.451
51 784.38 60.64 60.68 59.36 59.88 112.132 109.775 113.24 115.064
52 799.75 61.64 60.24 60.92 58.76 110.981 110.666 108.546 112.455
53 815.14 60.84 60.6 59.48 60.96 113.018 106.381 114.681 107.029
54 830.55 62.6 60.72 60.84 59.44 109.188 110.002 107.914 110.188
55 845.94 60.64 60.88 59.68 60.44 114.355 109.649 113.623 107.229
56 861.26 61.2 61.64 59.44 60.2 109.42 106.837 112.449 111.124
57 876.61 58.96 61.64 61.24 59.68 114.474 107.777 107.281 113.089
58 891.96 58.72 60.96 61.32 59.52 115.529 110.659 108.251 112.736
59 907.35 61.16 58.32 60.84 62.2 106.263 112.706 110.707 111.513
60 922.64 59.08 59.04 58.88 60.28 112.913 113.879 113.138 110.036
61 937.96 60.2 59.92 58.64 59.36 115.997 111.905 112.939 113.634
62 953.31 59.32 59.32 60.48 57.6 116.758 116.253 113.127 118.804
63 968.72 60.8 58.72 60.24 59.28 107.093 112.525 107.003 113.337
64 984.06 58.64 58.84 58.2 58.44 113.451 116.201 114.472 116.211
65 999.41 59.12 58.72 59.72 58.6 114.636 118.688 116.119 121.967
66 1014.75 59.92 59.56 60.8 59.84 109.448 113.605 110.759 112.743
67 1030.05 57.6 56.84 55.4 55.92 124.489 129.181 128.073 127.564
68 1045.4 59.16 56.04 59.28 57.48 119.646 121.051 118.473 124.9
69 1060.76 58.12 56.24 56.32 56.2 115.689 123.738 119.675 122.499
70 1076.1 59.96 61.28 60.8 59.92 112.806 107.456 108.911 108.844
71 1091.42 58.92 61.28 61 60.76 114.835 108.817 108.007 110.115
72 1106.77 58.12 57.12 57.4 57.44 122.013 126.674 123.104 124.589
73 1122.11 58.32 59.56 58.6 58.2 120.43 111.821 118.034 116.974
74 1137.48 58.96 58.04 59.56 60.2 117.751 116.159 113.5 113.509
75 1152.85 62.12 62 61.16 63.08 105.435 104.55 110.419 104.96
76 1168.25 60.72 61.08 59.68 60.76 113.428 109.373 114.111 110.462
77 1183.58 56.96 58.8 58.84 59.24 123.478 120.913 114.462 121.472
78 1198.93 62.56 61.4 63.08 62.68 107.929 107.845 105.471 104.342
79 1214.24 56.24 55.68 55.56 56.24 131.961 138.486 134.769 134.931
80 1229.57 60.96 64.2 63.48 62.48 112.106 105.255 105.683 113.494
81 1244.94 63.36 64.72 63.16 63 103.476 100.894 104.696 102.885
82 1260.24 64.52 64.96 65.76 63.52 100.292 105.244 103.635 115.317
83 1275.63 62.48 62.76 63.96 64.2 109.99 106.145 103.686 106.577
84 1290.96 63.2 61.36 63.44 64.2 110.697 113.688 109.581 110.615
85 1306.34 62.96 63.32 64.76 64.28 106.933 108.02 106.072 106.39
86 1321.73 64.56 64.92 64.64 64.16 106.845 105.766 112.214 109.565
87 1337.08 65.68 65.32 64.96 64.48 102.032 103.101 103.226 103.749
88 1352.43 68 68.4 69.16 68.72 90.869 93.113 89.881 89.983
89 1367.81 66.76 69.36 68.8 68.8 93.56 88.722 88.383 87.542
90 1383.2 66.16 67.12 67.92 68.92 104.88 103.672 101.753 99.479
91 1398.5 68.12 68.44 69.16 67.68 90.648 93.249 88.04 96.252
92 1413.89 65.92 66.52 66.12 66.2 101.762 97.503 97.988 103.232
93 1429.23 70.12 71.84 68.48 69.92 86.556 83.628 90.644 85.239
94 1444.53 71.88 71.08 72.12 71.64 90.504 92.684 84.511 90.534
95 1459.96 71.2 70.48 69.6 70.4 109.465 95.072 107.782 104.555
96 1475.3 74.84 72.92 72.28 74.32 80.544 81.871 84.273 80.316
97 1490.66 72.52 71.96 71.96 72.24 101.026 86.76 96.018 85.241
98 1506.04 73.8 76.72 73.24 73.36 85.397 76.334 113.402 92.245
99 1521.42 74.68 75.36 74.4 74.12 74.628 80.146 79.23 82.321
100 1536.79 77.96 76.92 77.36 76.24 79.306 70.511 69.08 76.878
101 1552.16 73.4 73.12 72.88 73.16 79.754 90.066 110.377 85.165
102 1567.51 75.48 78.2 77.44 77.64 74.716 68.509 72.801 70.385
103 1582.8 75 76.44 76.32 76.24 76.869 72.417 77.293 77.496
104 1598.11 74.32 73.76 73.88 76 81.787 87.756 86.007 74.763
105 1613.52 75.44 76.68 75.72 74.56 77.682 72.143 77.406 85.015
106 1628.81 76.36 76.48 75.84 76.68 80.753 75.97 77.502 84.15
107 1644.13 77.76 82.12 78.48 77.8 70.97 56.946 67.246 71.437
108 1659.56 77.96 77.64 75.64 76.76 69.624 66.908 73.737 71.044
109 1674.88 78.28 79.56 77.84 78.12 70.372 69.649 78.709 70.629
110 1690.24 78 76.12 78.36 75.88 72.893 77.865 71.73 77.966
111 1705.58 80.28 79.72 79.36 79.32 64.218 63.303 71.025 61.937
112 1720.92 79.28 77.8 79.36 78.6 69.376 69.581 69.474 64.722
113 1736.38 78.08 78.12 79.32 77.72 70.407 69.855 67.424 79.525
114 1751.72 79.8 78.72 78.4 77.92 70.999 69.433 81.824 73.071
115 1767 79.96 79.4 80 79.36 63.654 61.041 61.588 73.221
116 1782.4 79.88 78.36 79.28 79.52 60.9 65.337 63.567 65.187
117 1797.73 83.04 81.12 81.52 82.44 53.452 65.531 73.118 57.049
118 1813.07 80.64 81.56 82.88 80.72 65.488 61.457 55.299 63.578
119 1828.43 82.92 81.52 81.44 81.48 55.395 60.296 58.346 59.559
120 1843.85 81.28 83.12 81.52 83.24 57.224 54.574 58.492 54.247
121 1859.2 82.48 82.48 83.24 81.76 61.873 56.232 49.788 62.103
122 1874.49 83.04 82.88 83.28 81.8 57.063 55.274 56.513 56.165
123 1889.87 81.48 80.04 80 82.72 65.757 70.173 65.219 67.073
124 1905.16 81.48 81.8 83.24 82.8 66.11 69.033 58.566 55.219
125 1920.53 83.08 83.72 82.36 83.04 57.367 55.875 60.569 58.843
126 1935.91 82.72 83.52 84.16 82.28 64.864 78.007 67.67 66.515
127 1951.23 82.76 82.72 83.48 83.68 58.231 55.16 53.077 53.759
128 1966.58 83.48 83.12 84.72 84.72 65.578 57.144 54.126 56.456
129 1981.95 81.28 83.12 81.16 81.96 69.684 67.096 71.725 65.855
130 1997.27 84.08 82.72 83.68 82.96 50.725 61.095 54.354 56.335
131 2012.64 84 82.6 83.52 82.72 60.177 61.665 64.575 61.514
132 2028.01 84.96 84.56 84.68 85.36 52.947 58.378 49.927 51.95
133 2043.29 82.88 85.12 83.88 83.72 59.759 53.024 57.031 54.677
134 2058.62 84.04 84.68 85.04 83.4 57.218 53.431 55.795 57.722
135 2073.89 83.96 83.32 84.16 85.56 57.135 58.856 60.844 56.683
136 2089.33 83.88 84.48 85.12 84.4 56.489 58.415 58.066 54.949
137 2104.67 84.12 85.64 84.4 84.16 56.04 58.728 56.832 59.22
138 2120.02 84.52 85.76 84.4 83.44 55.914 53.912 61.132 64.904
139 2135.35 83.92 85.76 84.2 84.88 61.115 58.671 58.002 55.839
140 2150.75 84.44 85.64 85.04 84.76 58.412 52.052 56.184 59.181
141 2166.05 84.24 85.72 85.32 84.52 64.231 51.178 54.345 64.457
142 2181.44 85.4 85.16 84.36 84.72 56.646 54.977 60.044 56.921
143 2196.88 84.6 85.2 85.24 84.52 61.347 57.774 55.634 55.713
144 2212.3 84.44 85.44 85.4 85.12 58.718 52.414 57.092 57.381
145 2227.68 85.48 85.76 84.48 85.4 54.622 55.529 57.564 56.769
146 2243 85.28 85.56 85.2 85.04 53.487 53.175 56.307 59.006
147 2258.42 84.6 86 84.92 85.8 67.601 57.63 60.062 55.483
148 2273.79 84.8 85.16 86.32 85.32 72.359 57.51 50.433 59.49
149 2289.12 84.96 86.4 84.28 85.84 67.198 54.852 64.634 55.807
150 2304.43 85.72 85.36 85.64 85.04 56.564 56.602 55.585 60.491
151 2319.84 85.12 84.84 84.48 86.28 64.295 64.864 64.566 50.647
152 2335.18 85.68 84.68 84.92 86.08 59.229 60.459 58.269 53.799
153 2350.51 84.8 85.64 85.16 86.12 59.03 55.225 58.672 51.622
154 2365.93 85.68 84.88 85.84 84.8 55.457 63.931 56.487 56.991
155 2381.24 85.32 84.76 83.88 86.88 66.868 56.003 62.786 51.077
156 2396.58 84.96 84.68 85.76 85.64 57.365 59.775 54.928 55.898
157 2411.96 84.96 85.72 84.84 85.16 69.635 82.196 63.587 65.501
158 2427.31 87.24 84.56 84.24 83.88 53.219 62.9 70.839 59.544
159 2442.63 85.92 84.52 84.04 84.88 52.617 58.493 58.843 59.436
160 2457.97 83.56 85.32 84.6 85.72 66.126 58.758 61.219 53.817
161 2473.31 85.12 84.96 84.72 84.16 57.125 56.802 55.963 61.087
162 2488.67 85.04 84.28 84.48 83.92 56.657 59.884 61.683 61.477
163 2503.93 84.28 85.8 83.52 85.24 60.251 56.44 62.172 58.955
164 2519.33 85.44 83.84 84.16 83.96 57.98 61.198 61.346 64.166
165 2534.73 84.88 84.56 84.48 84.88 60.173 59.908 60.384 56.996
166 2550.01 84.76 83.72 83.72 84.72 58.94 57.515 64.146 56.902
167 2565.31 82.24 84 84.8 83.36 67.597 60.026 63.437 67.292
168 2580.7 83.72 83.56 84.72 83.68 57.96 57.363 60.643 59.868
169 2596.02 83.4 83.8 82.72 84 70.465 59.356 64.485 61.19
170 2611.36 82.96 83.64 83 83.24 67.291 69.429 65.681 70.666
171 2626.66 83.44 82.44 84.16 84.12 68.575 67.578 65.8 68.171
172 2641.92 84.12 82.64 83.92 82.72 62.911 76.699 66.083 69.999
173 2657.21 83 83.04 83.48 81.24 63.656 62.872 64.418 70.83
174 2672.48 82.48 82.04 82.48 83.04 63.796 61.363 61.663 61.651
175 2687.94 83.64 81.56 83.08 84.24 58.191 65.086 63.195 65.574
176 2703.26 80.92 81.64 80.68 82.08 70.827 71.646 74.506 79.169
177 2718.56 83.28 83.12 83 82.8 61.637 61.413 63.962 63.182
178 2733.94 82.72 83 81.4 82.08 72.253 77.038 63.819 75.65
179 2749.3 81.96 82.72 81.64 81.56 70.938 61.849 66.127 67.455
180 2764.62 82.8 83.68 83 82.6 65.541 59.003 62.13 62.122
181 2779.98 84.12 82.88 81.52 83.92 68.743 64.215 79.516 63.014
182 2795.4 82.28 82.24 82.48 82.44 62.566 63.912 61.681 71.362
183 2810.75 82.44 81.8 82.8 83.56 66.166 82.725 65.611 59.946
184 2826.12 83.2 81.88 81.68 80.28 61.189 68.626 63.356 68.529
185 2841.54 82.4 83.2 82.2 81.56 64.609 61.685 63.397 67.17
186 2856.92 84.12 82.2 82.88 82.28 57.986 66.833 61.87 65.221
187 2872.22 81.72 81.88 80.64 81.44 63.755 62.385 69.049 62.829
188 2887.59 81.4 80.88 81.6 81.36 70.691 78.822 67.509 68.231
189 2902.84 81.44 80.92 82.36 81.2 73.937 75.411 65.862 70.454
190 2918.17 81.52 82.36 82.08 81.6 75.131 74.611 75.446 72.38
191 2933.56 82.92 83.56 82.92 83.6 58.602 57.667 57.867 57.502
192 2948.89 82.28 82.36 82.88 82.88 65.791 62.993 66.917 63.884
193 2964.2 82.28 83.56 83.8 82.76 62.616 58.801 60.933 62.213
194 2979.56 83.44 82.92 81.92 81.56 55.346 63.217 63.29 63.767
195 2994.89 82.48 82.4 82.44 80.96 68.062 63.855 60.519 69.889
196 3010.2 84.04 82.96 82.28 83.4 61.091 62.757 64.979 72.654
197 3025.51 80.52 80.04 81.84 80.36 74.887 73.455 67.497 72.569
198 3040.84 82.04 83.92 83.68 82.4 69.497 66.192 85.15 78.593
199 3056.19 81.2 81.04 82 80.6 195.927 97.195 92.694 118.774
200 3071.57 82.76 82.84 83 82.92 64.092 62.594 59.215 60.24
201 3086.92 83.4 82.48 84.32 82.84 64.385 64.081 58.379 67.511
202 3102.35 83.64 84.16 83.52 83.12 56.664 58.753 62.943 62.145
203 3117.75 82.4 82.12 81.8 81.6 72.373 72.145 70.426 69.513
204 3133.14 80.88 83.28 82.56 83.36 75.667 69.042 68.505 77.909
205 3148.59 82.28 83.04 82.12 81.28 84.126 69.417 87.323 81.679
206 3163.93 82.28 81.68 80.56 82.28 76.783 79.605 85.003 76.257
207 3179.3 82.8 84.24 81.96 83.68 80.994 65.319 72.609 73.208
208 3194.65 82.48 83.84 83.12 83.64 71.278 68.266 65.056 72.469
209 3210.03 83.68 82.96 83.44 84.04 66.455 65.486 61.762 63.248
210 3225.41 84.56 83.96 83.72 84.44 63.837 64.355 66.744 63.303
211 3240.77 84.84 83.28 84.2 83.24 61.533 66.455 66.611 69.914
212 3256.15 86.28 83.44 83.04 85.16 58.856 70.178 72.721 60.205
213 3271.5 84.2 84.32 84.44 84.2 65.756 63.985 60.436 65.84
214 3286.9 84.4 86 84.4 85.84 64.583 59.851 67.924 59.309
215 3302.22 83.6 84.08 82.88 82.72 67.681 66.215 72.278 75.154
216 3317.55 84.52 86.52 85.04 84.76 63.958 56.983 62.161 68.388
217 3332.9 84.36 83.92 85.6 83.56 71.434 68.95 72.758 71.148
218 3348.28 82.76 83.44 83.68 83.96 77.443 66.32 72.118 79.779
219 3363.66 86.96 84.68 85.12 83.84 58.123 69.354 65.157 74.913
220 3378.92 84.8 84.48 83.76 83.08 60.903 68.092 71.16 77.756
221 3394.24 86.28 85.32 84.56 84.48 59.748 69.109 73.07 73.045
222 3409.59 84 86.08 83.6 85.6 75.372 61.776 83.564 64.285
223 3424.89 84.32 84.36 84.04 84.84 70.338 70.789 72.267 71.078
224 3440.28 84.72 85.44 84.68 85.16 70.598 68.552 80.332 68.509
225 3455.66 85.28 84.12 85.24 84.72 81.175 87.251 73.032 84.937
226 3471.01 86.44 87.12 85.28 83.68 66.327 63.662 71.997 76.681
227 3486.37 86.56 85.84 85.76 84.92 67.492 64.842 68.429 76.794
228 3501.74 84.64 85.84 85.52 84.28 78.93 71.089 76.392 85.834
229 3517.18 85.64 85.64 86.84 84.96 71.644 72.862 72.048 74.912
230 3532.6 86.28 85.76 85.44 85.56 78.953 73.391 76.11 71.318
231 3547.94 85.48 86.28 85.4 85.44 77.006 71.13 77.511 74.069
232 3563.25 87.12 86.04 87.84 84.4 67.97 79.004 67.268 82.31
233 3578.59 87.08 86.2 85.44 86.32 75.514 74.106 75.837 75.401
234 3593.93 86.88 85.12 87.12 87.64 78.925 77.533 73.112 65.321
235 3609.24 86.64 86.52 85.92 86.16 69.009 75.22 77.208 74.657
236 3624.6 85.6 87.84 85.52 86.72 77.705 66.834 80.717 79.53
237 3639.99 86.84 86.28 85.44 86.72 78.441 80.203 78.559 74.873
238 3655.33 86.48 85.48 87.48 87.24 78.808 93.377 71.269 76.76
239 3670.65 86.52 86.84 87 85.76 71.622 76.977 71.765 84.748
240 3685.97 86.36 86.92 88.08 85.96 82.926 76.144 76.976 91.349
241 3701.44 86.84 87.32 85.84 87.04 81.135 80.748 84.928 69.202
242 3716.75 86.64 87.36 86.32 86.8 78.35 78.424 82.334 75.987
243 3732.19 87.12 85.84 87.8 86.12 90.314 84.864 81.073 85.758
244 3747.52 86.4 87.24 87.8 86.16 83.152 76.95 77.332 87.481
245 3762.87 87.44 86.28 86.68 86.64 79.265 82.592 76.105 82.021
246 3778.21 87.84 85.96 86.8 87 80.423 97.189 82.586 79.93
247 3793.54 86.8 87.24 87.24 86.08 82.159 83.975 78.279 79.602
248 3808.88 87.08 86.6 86.92 87.08 78.579 82.303 81.751 76.492
249 3824.23 85.92 86.68 86.4 88.2 89.207 78.688 77.397 74.669
250 3839.55 87.4 85.72 86.24 87.44 74.946 82.595 91.581 73.338
251 3854.84 87.2 87.44 85.8 87.16 82.472 79.427 88.288 77.434
252 3870.19 87.84 87.12 85.88 86.4 71.331 80.994 89.195 83.032
253 3885.53 87.04 86.92 86.8 86.84 83.284 85.026 80.843 82.092
254 3900.89 87.12 86.44 87.48 86.04 84.006 86.822 83.006 88.14
255 3916.17 87.32 86.76 87.2 85.92 70.059 82.001 76.623 88.791
256 3931.54 86.12 86.64 87.24 87.2 91.444 76.373 74.695 77.569
257 3946.97 87.48 86.68 86.44 86.32 74.162 83 88.498 76.211
258 3962.34 86.88 85.88 87.76 86.72 84.604 82.327 83.963 83.529
259 3977.65 87.48 86.28 86.4 86.48 76.431 81.009 86.25 85.343
260 3992.95 86.52 86.92 86.6 87.4 84.655 85.434 85.634 75.159
261 4008.21 87.28 86.64 86.16 86.44 76.788 82.425 84.123 89.053
262 4023.6 86.4 86.84 86.64 86.88 85.282 78.754 83.481 89.951
263 4038.94 86 86.36 86.72 87.28 92.69 79.046 86.474 85.152
264 4054.24 87.48 85.6 87.2 86.6 82.198 93.768 84.995 85.725
265 4069.58 86.8 86.08 88.28 85.96 86.2 97.228 73.935 96.121
266 4084.89 87.72 87.2 86.88 84.92 72.417 88.374 86.18 99.335
267 4100.3 86.84 87.32 86.08 85.52 85.799 81.262 85.542 92.502
268 4115.64 85.76 86.32 86.12 86.08 94.476 88.539 81.578 88.737
269 4130.94 85 85.76 86 86.12 81.882 88.501 87.978 94.806
270 4146.27 86.16 87.28 86.84 84.6 89.552 79.126 80.357 103.651
271 4161.62 85.8 85.92 86.52 86.16 91.697 81.164 86.315 86.986
272 4176.94 85.96 85.32 84.44 86.6 84.504 87.258 94.53 73.611
273 4192.24 85.68 87.2 86.52 86.12 91.641 78.651 80.691 83.882
274 4207.5 87.08 85.16 85.32 84.24 80.067 85.637 83.53 89.045
275 4222.87 84.88 84.72 84.52 85.28 84.883 92.554 95.087 89.148
276 4238.22 86.12 86.12 84.8 85.44 79.038 72.438 79.957 80.076
277 4253.54 84.68 84.52 85.84 85.4 85.969 100.791 101.304 84.835
278 4268.91 83.36 85.32 84.56 85.12 97.56 79.794 81.542 80.126
279 4284.26 85.16 84.56 85.48 85.72 73.795 80.964 79.116 71.317
280 4299.58 84.12 84.36 83.76 83.88 88.331 84.649 96.472 95.263
281 4314.89 84.72 85.36 84.4 85.72 81.281 79.881 82.737 72.757
282 4330.21 84.8 84.56 84.24 85.44 80.669 87.718 77.008 71.022
283 4345.57 82.72 83.44 83.24 83.88 86.662 91.236 85.735 88.732
284 4360.99 83.56 84.04 84.04 84.12 84.384 78.112 77.207 78.995
285 4376.37 83.4 84.48 85.24 85.12 76.588 72.888 72.697 67.298
286 4391.7 82.8 83.76 82.56 84.64 90.443 80.109 87.442 77.121
287 4407.09 86.08 85.4 84.8 84.64 64.278 72.015 79.26 76.631
288 4422.42 83.68 84.84 84.44 83.44 71.992 74.198 75.992 75.319
289 4437.8 82.92 83.52 83.88 83.12 84.688 80.145 79.851 86.219
290 4453.14 83 83.88 84.56 84.36 79.669 100.196 73.858 85.152
291 4468.49 83.32 84.76 85 83.56 113.631 107.386 99.091 153.531
292 4483.85 83.72 83.48 82.6 83.4 72.831 73.911 77.188 75.078
293 4499.13 84.28 83.68 84.24 85.44 73.51 69.955 71.511 65.946
294 4514.53 83.04 84.44 84.52 83.56 77.215 70.782 73.916 74.529
295 4529.87 83.16 83.2 83.6 84.04 77.043 77.293 72.244 72.116
296 4545.26 83.56 82.96 82.68 83.2 90.161 86.933 80.171 108.688
297 4560.6 85.12 83.52 83.8 83.36 79.911 76.841 77.765 95.002
298 4576.02 83.64 83.12 81.6 83.8 74.777 85.585 93.14 79.337
299 4591.36 84.4 84.96 85.04 84.32 75.275 68.508 75.413 73.42
300 4606.71 85.12 84.36 84.6 82.96 77.185 92.3 81.323 113.985
301 4622.01 85.8 84.24 83.72 84.52 66.929 72.342 71.702 73.492
302 4637.38 83.36 83.16 82.88 83.12 93.873 95.594 90.484 94.33
303 4652.74 83.44 82.48 82.64 83.08 85.15 96.221 89.871 88.257
304 4668.04 84.16 82.4 84.16 85.08 82.095 79.699 80.343 65.346
305 4683.33 82.44 82.92 82.68 82.32 92.915 103.842 85.317 92.227
306 4698.69 84.52 84.72 84.44 85.4 74.739 70.363 73.445 65.742
307 4714.1 84.36 84.4 84.16 83.32 77.355 74.072 78.644 79.104
308 4729.42 84.44 83.56 84.04 83.68 91.765 91.218 80.187 92.973
309 4744.77 83.76 85.88 83.16 84.72 90.112 76.239 96.345 80.52
310 4760.15 84.52 85.4 84.96 84.72 78.967 74.753 71.653 79.191
311 4775.47 82.64 82.88 84.76 83.36 84.963 96.187 78.337 75.625
312 4790.84 84.44 84.24 84.36 84.68 79.687 74.402 75.825 73.2
313 4806.19 85.36 85.52 83.24 86.2 75.098 76.637 87.023 71.927
314 4821.53 85.32 85.04 84.24 85.6 77.629 70.514 81.612 79.462
315 4836.9 85.24 85.84 85.68 86.92 77.918 88.167 74.689 70.896
316 4852.27 84.76 84.12 84.12 84.12 82.781 87.06 78.113 86.734
317 4867.66 84.68 84.96 84.44 84.44 78.781 84.117 90.505 83.974
318 4883.1 86.08 85.6 85.04 85.8 77.028 77.456 82.822 81.067
319 4898.47 85.04 85.28 84.4 84.88 96.099 90.527 90.219 102.135
320 4913.81 85.52 84.32 84.44 85.92 75.485 102.531 87.109 79.867
321 4929.17 86.24 85.84 85.48 85.84 82.692 86.932 85.358 87.824
322 4944.55 86.08 87.04 86.76 84.96 82.133 78.658 83.049 89.314
323 4959.94 87.04 84.8 86.84 86.64 79.756 94.546 83.462 75.287
324 4975.31 86.4 84.6 85.84 86.32 80.691 93.953 90.957 90.06
325 4990.68 86.64 86.68 86.8 86.68 83.871 89.959 77.139 78.709
326 5006.06 85.84 87.04 86.6 85.68 103.994 80.144 79.065 90.567
327 5021.38 87.68 86.32 85.96 87.08 72.421 82.27 87.898 80.541
328 5036.83 87.28 86.8 85.88 86.56 76.781 81.269 92.278 89.396
329 5052.19 86.68 86.36 88.16 85.32 85.769 89.53 75.973 96.852
330 5067.49 87.64 86.96 86.24 85.64 80.236 89.27 86.245 95.531
331 5082.9 86.96 85.92 86.52 86.44 82.395 96.838 96.441 85.199
332 5098.24 86.92 86.12 87.44 87.16 91.454 91.885 81.292 79.726
333 5113.55 86.32 88.08 87.16 85.88 89.147 78.414 82.863 98.483
334 5128.96 86.84 87.56 86.04 87.84 88.189 86.905 96.352 83.873
335 5144.3 87.24 87.08 86.84 87.28 85.627 89.041 86.472 80.926
336 5159.72 85.96 87.2 87.44 88.48 94.941 89.868 82.723 80.686
337 5175 86.88 86.72 86.44 88.76 87.203 90.942 91.69 82.212
338 5190.37 86.8 88.44 88.16 86.68 92.049 84.308 80.942 93.788
339 5205.8 87.36 88.04 88.28 86.8 92.354 89.044 79.057 96.317
340 5221.11 87 87.2 87.72 87.68 90.584 92.753 83.989 85.951
341 5236.48 87.36 86.92 87.36 87.44 93.093 87.001 83.603 92.352
342 5251.79 86.52 87.48 87.36 87.92 92.921 88.554 82.967 89.557
343 5267.05 88.6 86.12 87.48 88.16 83.323 103.339 91.665 81.985
344 5282.34 87.48 86.8 86.48 89.44 90.666 92.601 98.62 77.76
345 5297.67 87.68 87.76 86.6 88.16 90.973 85.331 98.316 85.143
346 5313.14 87.56 87.28 87.96 87.28 92.337 90.418 87.298 86.909
347 5328.46 87.84 87.76 87.2 88.04 91.506 88.868 89.407 87.126
348 5343.77 87.6 87.64 87.52 87.56 85.553 90.724 88.519 90.232
349 5359.07 89.16 87.96 86.84 86.88 81.098 78.97 92.809 99.235
350 5374.48 87.12 87.24 87.76 88.04 92.962 89.028 87.875 85.436
351 5389.84 87.12 88.84 87.16 87.72 96.352 79.958 85.993 91.791
352 5405.19 88.32 87.64 86.8 87.96 85.018 86.611 93.809 92.975
353 5420.57 87.88 88.32 87.08 86.84 89.028 83.771 88.191 95.304
354 5435.92 88.28 86.64 86.92 88.8 86.001 91.157 97.18 78.232
355 5451.29 87.68 86.64 88.32 87.72 89.763 96.825 86.302 82.041
356 5466.66 87.56 87.16 87.12 88.32 94.142 89.195 88.987 84.72
357 5481.98 87.6 87.96 87.2 86.88 87.002 83.836 91.826 95.785
358 5497.25 87.6 87.16 87 87.92 90.169 92.402 97.122 85.14
359 5512.61 88.36 86.2 87.92 87.6 89.954 93.759 91.53 93.557
360 5527.96 88.16 86.4 87.2 87.72 88.812 98.478 84.97 88.315
361 5543.31 88.64 86.92 87.76 87.28 80.721 100.265 84.855 92.381
362 5558.66 87.44 86.08 87.6 88.12 91.494 102.576 92.742 84.664
363 5574.07 87.68 86.88 86.88 88.04 86.353 99.456 98.131 82.117
364 5589.4 87.56 86.12 88.6 86.88 89.41 101.235 80.192 91.625
365 5604.77 86.16 87 88.12 87.52 98.784 95.79 88.759 86.867
366 5620.18 88.24 86.36 86.32 87.52 80.146 103.604 99.991 92.835
367 5635.56 87.32 86.72 87.28 87.4 93.353 96.195 95.894 96.925
368 5650.83 86.68 87 87.8 87.72 102.737 100.271 95.457 92.46
369 5666.13 87.48 87.72 87.84 86.96 97.148 96.881 98.851 96.264
370 5681.5 86.76 86.56 87.6 87.48 93.808 94.919 94.226 98.474
371 5696.84 87.32 86.48 86.72 86.12 91.177 98.445 100.081 98.533
372 5712.16 86.28 85.72 87.04 87.52 101.211 112.321 95.852 93.85
373 5727.47 85.48 86.76 86.8 86.64 100.624 102.683 103.528 100.155
374 5742.76 85.92 86.48 87.08 86.56 106.683 97.811 101.639 99.035
375 5758.1 85.92 87.92 87.08 87.48 106.192 87.978 92.493 89.456
376 5773.51 87.36 87.16 86.36 86.44 93.069 90.207 91.305 107.065
377 5788.87 87.2 86.72 86 86.48 90.943 89.266 102.5 101.322
378 5804.25 85.36 86.04 85 85.88 98.646 94.11 105.503 98.739
379 5819.65 84.12 85.72 84.52 87.48 101.355 83.409 98.342 78.746
380 5835.02 85.28 84.64 85.6 86.24 91.958 91.331 90.828 91.203
381 5850.37 84.4 86.84 84.92 84.88 105.278 84.746 111.294 106.003
382 5865.64 84.16 85.92 83.96 84.68 96.486 87.399 101.907 92.965
383 5880.92 84.32 83.64 86.52 85.44 94.406 95.634 80.425 88.404
384 5896.27 83.8 85.2 85.16 85.32 100.142 88.675 87.495 88.904
385 5911.59 85.24 83.96 85.04 85.76 83.229 92.152 92.831 81.416
386 5926.96 84.92 85.36 85.76 85.96 86.232 86.197 85.874 83.346
387 5942.3 84.48 83.56 85.44 84.28 90.809 103.752 87.54 90.726
388 5957.73 85.72 85.32 84.76 83.76 82.664 75.836 81.382 95.828
389 5973.04 84.72 84.76 84.92 84.84 88.667 89.611 88.891 89.714
390 5988.36 84.96 84.36 85.4 85 91.553 93.561 86.666 78.614
391 6003.71 84.52 85.68 85.92 85.2 84.863 88.356 81.181 87.707
392 6019.07 85.12 86.24 86.68 86.44 84.148 78.184 79.564 77.138
393 6034.36 83.52 83 84.52 84.04 90.648 99.059 84.139 86.703
394 6049.71 84.4 86.36 84.84 85.68 79.713 72.324 77.229 76.667
395 6065.04 85.6 85.04 84.68 83.48 76.18 78.89 83.671 93.901
396 6080.32 83.48 84.56 85.52 84.4 121.598 85.832 83.553 91.114
397 6095.62 83.36 84.2 82.76 82.56 89.75 84.849 89.256 97.427
398 6111.02 84.6 85.8 85.84 85.72 79.391 78.756 78.069 77.159
399 6126.35 85.12 85.44 84.36 85.84 80.408 81.422 77.687 75.502
400 6141.72 85.12 83.68 84.92 84.44 80.161 85.96 78.892 83.323
401 6157.05 84.52 85.2 84.2 85.56 76.885 81.062 87.418 80.601
402 6172.43 85.52 85.12 85.04 85.32 82.243 86.247 87.108 92.875
403 6187.81 85.12 85.44 84.48 85.16 74.48 75.358 85.419 81.734
404 6203.12 84.76 84.6 84.44 84.04 79.835 90.639 83.901 84.522
405 6218.46 85.36 86.16 84.24 84.64 78.363 76.205 86.097 82.775
406 6233.78 85.72 85.84 85.32 85.44 81.212 76.242 75.968 75.039
407 6249.09 85.56 84.64 85.36 85.36 74.801 84.17 76.517 86.026
408 6264.44 83.92 85.6 85.24 84.92 97.721 83.4 81.616 90.212
409 6279.78 84.56 85.96 85.36 83.76 83.674 81.708 80.541 86.408
410 6295.07 85.68 85.92 84.32 85.92 77.572 77.673 80.809 80.807
411 6310.39 85.84 84.4 85.4 85.32 81.675 86.173 84.083 87.704
412 6325.71 85.88 85.64 85.68 84.96 85.089 87.242 88.043 86.187
413 6341.07 84.52 85.64 84.08 84.72 88.605 82.273 88.319 92.914
414 6356.45 85.4 84.76 86.24 85.8 81.786 90.495 75.956 83.737
415 6371.7 86.88 85.96 85.6 86.68 77.96 80.371 87.7 77.733
416 6387.06 86.32 86.32 85.64 86.68 82.283 76.91 81.836 75.347
417 6402.45 86.28 86.24 85.52 86.4 82.2 79.869 88.572 76.117
418 6417.83 85.8 87.44 86.36 85.56 86.369 77.661 83.086 94.666
419 6433.17 85.8 86.76 86.08 86.6 84.484 82.26 83.267 80.516
420 6448.44 85.88 86.52 85.96 87.68 87.695 90.688 90.536 74.747
421 6463.81 87.04 87.16 85.36 87.36 82.275 84.778 97.63 83.489
422 6479.21 86.36 85.68 86.72 86.6 86.48 90.902 90.747 84.475
423 6494.54 86.56 87.04 86.52 86.44 83.398 82.542 84.938 89.715
424 6509.92 86.36 86.16 87.16 86.08 91.874 85.3 78.72 87.385
425 6525.29 87.76 85.92 87.84 86.72 81.742 90.276 74.823 87.048
426 6540.67 86.44 87.24 88 87.28 86.865 88.839 78.264 86.176
427 6555.94 87.28 86.8 87 88.32 85.202 85.376 83.997 75.795
428 6571.33 87.28 87.4 87.96 87.04 86.246 87.965 84.303 94.482
429 6586.64 86.8 86.76 86.68 86.8 91.007 89.962 94.45 91.65
430 6602.03 87.24 86.76 88 87.76 88.587 89.639 76.321 89.455
431 6617.33 88.6 87.64 86.72 86.12 77.862 82.28 93.586 94.043
432 6632.65 87.44 87.48 86.76 87.44 89.143 86.684 85.607 94.122
433 6648.04 86.8 88.12 87.12 87.44 94.603 86.957 89.59 85.317
434 6663.37 87.36 87.4 87.68 88.8 85.622 93.655 89.518 86.831
435 6678.68 87.28 87.08 88.44 87.52 93.337 90.342 85.373 95.777
436 6694 88.44 87.68 86.92 87.76 80.77 96.547 95.199 87.607
437 6709.36 87.52 87.64 88.2 88.08 90.653 87.182 92.003 84.721
438 6724.68 87.32 87.76 88.52 87.08 85.78 87.668 89.768 94.138
439 6740.03 87.88 87.6 88.36 87.72 86.213 94.309 86.095 91.783
440 6755.4 86.92 89.2 87.6 87.56 91.364 82.244 89.196 98.881
441 6770.7 87.2 88.8 86.92 88.6 94.224 89.259 91.426 86.69
442 6786.04 88.52 88.44 88.08 87.12 86.891 89.028 87.911 96.245
443 6801.36 88.08 87.56 87.64 88.08 90.874 92.192 86.471 90.932
444 6816.82 87.36 87.32 87.96 88.04 92.417 95.573 86.406 87.925
445 6832.13 88.36 88 88.24 87.2 85.91 88.309 82.703 100.729
446 6847.41 87.68 88.28 88.12 87.12 92.224 84.152 89.66 91.874
447 6862.75 88.4 87.56 88 87.32 88.321 94.82 89.187 90.071
448 6878.02 86.6 87.16 88.32 89.24 100.151 89.57 83.801 92.305
449 6893.29 87 88.32 88.84 87.04 91.311 86.131 91.021 93.971
450 6908.66 86.56 88.72 87.36 88.84 97.001 81.414 91.94 89.535
451 6924.09 88.56 88.12 88 86.76 85.531 89.447 93.053 95.481
452 6939.44 88.04 88.08 87.44 87.84 88.712 90.507 95.185 87.671
453 6954.76 87.48 87.68 88.24 88.28 87.896 94.153 93.594 85.289
454 6970.09 87.44 87.72 88.16 88.04 93.246 91.904 88.022 86.966
455 6985.42 87.88 87.84 89.04 86.8 95.344 84.788 77.491 102.497
456 7000.79 87.84 87.56 87.16 88.88 93.904 85.719 93.78 84.022
457 7016.17 87.96 86.8 88.2 88.52 90.124 97.41 87.784 89.416
458 7031.51 88.36 87.92 86.88 88 89.871 86.662 98.039 90.305
459 7046.89 88.04 88.4 88.16 87 88.57 83.867 88.389 95.317
460 7062.3 87.04 88.24 87.84 88.08 85.136 93.867 90.563 91.58
461 7077.65 87.88 88.8 87.28 87.52 94.865 83.47 91.015 94.029
462 7092.94 88.32 88.08 88.2 86.92 91.618 86.51 88.58 98.938
463 7108.26 88.04 87.68 88.48 87.84 89.743 95.042 88.548 94.481
464 7123.64 87.56 87.36 88.44 87.68 95.669 94.851 86.909 91.144
465 7138.97 87.84 88.72 87.88 87.32 94.394 87.957 89.198 97.731
466 7154.34 88.32 87.48 87.12 88 93.161 97.473 93.661 85.575
467 7169.67 88.12 87.44 88.04 87.52 94.908 99.03 92.165 93.057
468 7184.95 86.56 88.28 87.88 87.56 102.554 95.929 96.229 88.899
469 7200.26 88.64 87.84 87.24 85.84 90.346 87.055 99.994 114.276
470 7215.51 87.64 87.88 87.72 86.92 89.137 89.812 104.527 103.978
471 7230.88 87.44 88.16 86.52 88 103.364 92.805 105.677 91.357
472 7246.17 88.2 86.08 87.8 87.64 92.342 112.078 100.988 94.341
473 7261.55 87.32 87.88 87.2 86.88 99.744 101.834 105.411 95.92
474 7276.95 85.76 86.72 87.56 87.2 108.079 111.41 99.896 93.279
475 7292.3 85.36 86.52 87.56 87.24 110.603 106.59 97.34 92.643
476 7307.7 86.04 86.08 88.4 86.28 109.845 110.679 84.069 111.642
477 7323 87.56 86.16 86.52 87.56 88.535 104.32 108.13 89.768
478 7338.35 86.52 86.52 86.52 86.36 100.137 98.647 104.568 99.004
479 7353.71 87.12 85 86 86.68 86.018 105.044 98.627 93.633
480 7369.02 86.4 86.44 85.84 85.44 93.131 107.745 94.347 109.991
481 7384.4 86.32 85.6 85.6 86.32 91.461 106.631 88.863 89.295
482 7399.84 86.16 85.48 86.32 84.64 94.158 101.498 92.566 102.854
483 7415.23 85.88 86.2 85.92 85 94.608 91.147 88.937 101.206
484 7430.59 86.72 85.56 86.08 85.92 86.885 93.047 83.724 86.237
485 7445.96 84.6 86.96 86.12 85.16 96.086 81.176 84.495 90.203
486 7461.19 86.16 85.52 85.64 86.52 86.699 93.67 85.13 84.664
487 7476.56 85.24 85.4 86.08 84.84 93.369 98.57 88.757 94.306
488 7491.96 84.56 86.2 86.6 84.68 86.493 82.332 80.452 88.462
489 7507.32 83.84 85.28 86.68 85.76 100.319 86.868 84.209 81.115
490 7522.66 84.92 86.52 84.92 85.64 87.122 78.238 86.674 83.488
491 7538.05 85.2 85.2 86.08 85.04 87.177 84.649 79.154 88.123
492 7553.44 85.6 84.8 85.88 85.84 74.156 87.251 79.074 77.274
493 7568.83 85.76 84.52 85 83.92 82.222 91.144 90.485 86.541
494 7584.13 85.56 85.4 85.16 86.2 83.364 82.226 83.731 75.929
495 7599.49 84.4 83.24 85.04 84.96 110.497 146.741 95.559 95.863
496 7614.79 85.12 85.08 84.16 84.32 90.506 81.908 87.588 98.127
497 7630.21 84.04 86.12 84.28 85.56 91.34 78.543 90.052 79.734
498 7645.53 85.64 84.52 84.96 85.28 89.721 97.721 87.501 82.315
499 7660.87 85.4 85.96 85.68 84.88 86.972 82.705 82.246 88.534
500 7676.24 83.6 84.76 83.32 85 100.415 94.196 93.795 91.313
501 7691.6 84.4 86.72 85.64 84.72 92.745 76.084 81.639 86.125
502 7706.89 83.88 85.4 85.4 86.88 93.678 92.726 83.872 77.975
503 7722.22 85.96 86.04 85.84 86.28 74.911 70.174 73.969 70.814
504 7737.58 86.08 85 83.88 85.92 78.246 90.484 87.351 81.56
505 7752.9 84.48 87.44 86.88 84.96 89.175 69.581 70.735 79.956
506 7768.31 85.88 86.32 84.96 86.28 81.576 81.035 81.245 76.237
507 7783.67 84.16 85.76 85.12 85.08 92.914 91.198 85.942 86.55
508 7799.1 85.72 86.64 85.92 83.8 85.798 75.323 82.341 91.863
509 7814.44 85.36 85.68 86.56 85.08 84.996 85.35 78.934 86.033
510 7829.75 86.4 87.36 86.04 85.48 85.984 74.579 79.044 91.045
511 7845.08 85.4 86.8 86.52 86.44 83.428 73.91 73.658 75.308
512 7860.46 86.4 86.6 85.72 85.72 77.956 80.598 82.672 92.335
513 7875.81 86.8 86.92 85.92 85.92 73.654 77.294 77.888 82.647
514 7891.23 87.24 87.56 85.32 86 76.116 73.06 85.527 84.591
515 7906.62 86.6 86.64 86.76 86.4 83.148 85.464 80.597 88.661
516 7921.92 87.8 85.96 86.32 87.16 78.434 84.912 85.875 81.619
517 7937.26 85.84 87.28 86.12 87.24 89.677 73.782 80.737 83.592
518 7952.64 86.2 86.92 85.76 86 91.471 85.39 88.12 89.486
519 7968.02 87 86.56 85.6 86.92 85.362 84.411 87.051 82.397
520 7983.42 87.8 86.72 85.56 88 84.219 87.998 89.313 75.587
521 7998.75 88.44 86.92 87.08 87.36 81.475 89.183 82.209 81.042
522 8014.16 87.6 87.28 87.16 85.36 82.587 88.072 84.105 103.232
523 8029.51 87.84 88 86.2 88.16 78.705 80.711 99.298 84.081
524 8044.8 87.44 86.6 87.2 86.84 81.316 99.977 80.703 86.22
525 8060.15 88.68 87.16 86.48 86.88 85.25 95.752 100.657 92.818
526 8075.44 87.28 87.08 86.56 88.16 89.227 93.857 94.592 88.71
527 8090.74 87.52 86.8 87.04 87.48 88.39 98.036 91.263 91.408
528 8106.04 87.64 87.32 86.6 88.48 93.187 87.886 96.563 80.454
529 8121.43 86.92 87.96 87.32 86.44 94.948 87.244 91.314 95.898
530 8136.71 88.72 87.8 86.44 88.24 81.136 87.164 99.705 94.32
531 8152 86.56 88.04 88.24 88.6 97.046 91.994 90.206 86.672
532 8167.29 88.08 87.88 88 86.8 83.928 90.912 89.613 102.25
533 8182.68 88.24 87.32 88.44 87.96 91.29 89.231 81.899 97.719
534 8197.98 89.2 87.28 88 86.84 85.127 98.989 93.005 92.77
535 8213.32 87.24 88.6 88.12 87.24 93.86 80.303 88.882 103.123
536 8228.63 87.88 88.04 88.32 88.32 95.816 88.215 90.862 88.888
537 8243.89 87.76 88.44 88.64 87.68 92.074 87.407 87.366 93.212
538 8259.25 88.08 87.8 88.16 88 88.005 96.924 91.264 87.801
539 8274.63 88 88.08 88.04 87.92 94.583 87.37 88.947 88.867
540 8289.93 87.72 89.04 88.2 87.28 84.08 86.526 89.801 101.26
541 8305.28 88.4 86.24 88.44 88.76 89.018 103.864 89.615 81.893
542 8320.62 88.44 87.8 87.76 88.52 88.55 98.408 90.817 87.692
543 8335.93 88.28 87.72 87.28 88.84 90.04 95.1 99.06 82.935
544 8351.26 87.68 88.36 88.04 88.4 96.637 93.975 94.634 83.138
545 8366.69 87.68 88.6 87.76 88.48 96.575 79.165 97.47 91.438
546 8382 88.16 88.16 88.2 88.24 90.329 94.549 89.844 90.302
547 8397.28 88.28 87.72 88.2 88.28 95.862 89.388 92.151 91.95
548 8412.63 88.2 88.24 88 88.48 86.16 90.441 92.335 97.408
549 8427.88 88.92 87.8 87.36 88.36 84.474 95.939 95.929 89.737
550 8443.29 87.88 88.56 87.56 88.6 85.209 89.981 95.607 89.836
551 8458.66 87.76 88.32 89.12 87.32 97.736 82.053 87.264 95.44
552 8474.02 88.32 88.64 87.64 88.08 83.771 89.931 98.524 93.062
553 8489.37 87.64 88.36 88.36 88.88 102.465 88.796 90.046 83.83
554 8504.68 88.68 87.6 88 88.04 82.981 91.392 90.741 99.891
555 8520.08 88.24 88.24 88.56 87.6 85.924 95.18 93.436 92.573
556 8535.42 87.12 88.92 88.32 88.48 97.351 87.318 93.174 84.448
557 8550.76 88.28 89.24 88.08 87.44 86.965 87.175 86.557 101.986
558 8566.15 87.76 88.24 88.24 88.16 91.648 91.711 91.94 86.977
559 8581.51 88.08 88.2 87.8 88.16 90.647 87.222 93.328 91.148
560 8596.84 88.68 88.96 87.52 87.64 90.082 84.852 93.808 95.19
561 8612.2 88.24 87.96 88.24 88.56 93.759 95.327 97.064 81.08
562 8627.62 88.28 88.16 88.12 88.16 88.135 89.14 96.947 95.581
563 8643 87.96 88.44 88.2 87.52 94.957 86.456 94.18 95.71
564 8658.39 88.4 88.4 88.64 87.56 94.116 88.13 91.096 96.803
565 8673.75 88.16 89.08 88.28 86.24 89.165 85.938 86.511 111.626
566 8689.1 88.08 88.48 88.2 88.4 100.852 93.076 88.699 87.624
567 8704.47 88.72 89.08 87.32 87.48 82.84 92.876 95.615 103.209
568 8719.79 88.04 88.84 88.16 88.04 97.96 88.314 89.028 102.004
569 8735.18 86.92 89.2 87.84 89.2 102.136 83.491 97.672 90.717
570 8750.53 87.44 88.64 88.04 88.16 98.492 97.908 90.312 93.187
571 8765.96 89.04 87.4 87.12 88.32 88.537 101.778 101.152 89.769
572 8781.29 88.72 88.52 88.32 87.08 91.446 99.185 93.899 101.221
573 8796.65 87.8 88.4 88.04 87.64 98.012 99.121 95.889 104.485
574 8811.95 87.24 88.52 88.12 88.28 109.035 89.665 100.908 99.688
575 8827.29 87.76 87.92 87.52 87.44 96.15 89.305 107.514 100.608
576 8842.58 86.96 87.36 88.4 87.8 107.6 98.073 95.883 100.636
577 8857.95 86.68 86.56 87 87.96 110.137 107.4 108.443 91.231
578 8873.35 88.16 86.04 86.6 88.16 99.348 112.891 104.185 96.382
579 8888.67 86.44 87.28 85.8 86.68 114.403 102.387 111.997 110.932
580 8904 87.16 86.32 87.2 86.28 89.914 101.084 98.012 103.817
581 8919.36 87.04 87.48 87.2 85.8 94.927 90.89 88.875 105.791
582 8934.64 86.24 85.44 87.04 85.44 104.508 97.418 97.625 102.019
583 8950.01 85.96 84.88 86.44 86.16 93.861 115.364 95.972 102.917
584 8965.37 86.12 86.28 86.44 87.48 93.183 92.339 88.641 79.406
585 8980.61 86.2 87.24 86.52 87.36 90.123 80.926 81.947 84.027
586 8995.93 85.64 85.12 85.32 85.56 88.918 101.989 103.653 100.241
587 9011.39 86.16 85.8 86.44 86.36 94.873 90.917 90.648 85.537
588 9026.77 86.96 86.72 85.36 84.64 78.151 80.494 90.16 91.052
589 9042.1 85.64 84.8 84.92 85.88 90.393 95.381 101.662 89.742
590 9057.48 84.36 84.8 84.72 85.32 101.357 94.761 96.554 93.562
591 9072.86 86.52 85 86.28 85.56 90.66 98.45 89.11 93.543
592 9088.28 85.68 84.64 84.84 84.92 84.263 86.105 95.303 87.354
593 9103.59 84.68 86.08 86.16 84.96 87.678 79.171 73.449 77.612
594 9119.07 85.64 83.64 85.04 84.64 93.257 107.623 92.598 103.494
595 9134.4 86.04 84.88 86.64 85.52 76.939 79.05 78.048 77.829
596 9149.73 87.08 86.32 86.96 86.72 79.208 79.108 76.796 76.283
597 9165.02 85.76 86 85.84 85.68 81.079 84.071 90.126 78.246
598 9180.42 84.56 85.4 85.68 86.8 86.637 87.748 76.801 79.06
599 9195.82 86.44 85.68 85.44 86.28 71.826 85.018 85.136 75.77
600 9211.17 86.88 85.6 86.88 85.48 78.788 83.816 76.808 89.167
