1 18.3 10.76 10.12 11.12 9.64 231.677 230.986 233.118 234.777
2 36.06 18.16 18.76 17.72 16.4 238.139 234.726 239.708 235.92
3 53.82 20.04 17.4 18.64 20.52 208.766 210.268 210.997 207.719
4 71.55 19.28 20.6 19.68 20.68 208.685 207.606 213.773 207.381
5 89.33 26.44 26.48 26.68 26.6 206.532 207.501 204.257 205.247
6 107.08 32.68 31.32 31.96 33.6 179.553 186.022 186.098 182.113
7 124.83 35.04 35.68 34.8 36.2 175.209 172.066 178.347 170.59
8 142.57 36.12 38.28 36.8 37.2 170.273 174.656 168.213 167.985
9 160.32 38 37 39.84 39.64 178.749 168.108 169.935 162.93
10 178.08 42.32 41.76 43.36 42.6 160.884 157.27 156.008 155.833
11 195.85 44.76 43.96 43.64 42.72 160.266 166.769 158.396 161.548
12 213.58 39.36 38.44 40.96 39.36 177.901 167.886 171.127 165.836
13 231.34 47.76 46.64 46.32 46.12 168.986 158.306 153.595 151.981
14 249.07 46.44 45.28 48.2 46.52 183.434 153.557 160.918 145.822
15 266.82 47 47.6 47.48 48.64 160.649 170.878 161.32 148.565
16 284.59 54.28 55.8 52.56 53.56 147.336 128.665 141.382 140.069
17 302.35 52.16 53.48 54.24 53.64 134.462 129.902 147.425 137.97
18 320.09 54.76 56.72 56.4 56.56 182.881 143.634 129.67 133.357
19 337.86 58.72 58.36 58.8 58.52 121.135 136.287 121.463 135.102
20 355.57 59.16 60.08 59.92 60.52 146.983 212.233 130.154 165.199
21 373.33 62.16 64.16 63.44 62.84 138.688 134.958 111.832 110.578
22 391.07 62.24 64.72 63.28 64.36 147.054 119.837 158.834 155.629
23 408.8 60.76 60.76 61.88 61.12 186.635 130.038 334.318 154.812
24 426.56 65.88 65.76 65.04 64 124.98 139.041 155.452 120.898
25 444.31 66.04 65.24 65.56 66.24 104.917 110.596 182.211 132.064
26 462.04 66.76 70.32 67.96 67.64 171.558 95.415 153.072 101.701
27 479.8 69.88 70.12 67.92 68.12 119.719 216.617 276.079 244.385
28 497.58 67.28 69.52 67.04 67.84 105.223 106.77 118.101 129.526
29 515.31 67.88 71.08 71.76 69.68 248.737 114.516 194.495 197.422
30 533.08 71.12 71.32 71.76 71.04 158.733 162.162 105.021 153.049
31 550.84 70.64 70.32 70.28 70.68 290.746 307.016 178.067 298.582
32 568.57 71.04 70.72 69.52 69.96 161.14 171.218 177.48 124.068
33 586.32 72.4 71.96 73.68 72.52 272.707 113.027 94.673 165.311
34 604.05 74 73.68 73.88 72.4 85.744 153.486 100.488 144.661
35 621.78 72.96 73.32 72.68 75 179.368 110.414 97.042 84.545
36 639.5 73.2 74.8 73.44 73.52 339.296 246.151 251.138 183.32
37 657.25 77.56 74.84 74.72 75.96 153.773 112.181 177.726 146.354
38 675 74.68 73.36 75.28 74.8 134.249 351.357 264.176 215.037
39 692.76 73.8 76.68 76.04 75.88 214.494 94.729 82.533 167.593
40 710.5 75.68 76.96 76.88 75.52 144.656 277.547 343.843 104.286
41 728.24 76.6 76 77.04 76.32 351.5 300.316 221.163 145.297
42 746.02 77.88 76.04 75.96 77.44 286.548 225.401 118.274 258.344
43 763.78 77.32 76.48 76.88 78.88 186.765 99.897 110.359 188.632
44 781.51 78.08 77.48 76.92 77.52 313.846 262.628 117.367 255.803
45 799.27 76.6 78.04 77.48 76.88 362.247 296.475 348.75 242.709
46 817 76.92 78.92 79.72 77.92 79.124 215.416 295.488 216.188
47 834.76 78.28 78.12 76.96 78.52 116.497 113.743 411.653 220.49
48 852.48 77.16 79 78.04 78 150.053 169.778 259.419 91.503
49 870.21 78.6 78 77.16 77.32 503.262 329.43 304.305 178.8
50 887.97 78.88 77.64 79.24 77.72 284.744 266.136 195.237 125.192
51 905.73 78.8 77.52 76.92 78.56 160.969 462.322 310.809 178.863
52 923.48 77.04 78.6 77.28 79.04 295.243 90.357 144.851 311.051
53 941.22 77.6 79.36 77.92 78.76 122.982 190.139 183.955 78.592
54 958.94 77.32 78.04 77.96 78.2 300.963 348.76 228.526 280.026
55 976.68 78.2 78 78.2 79.28 188.741 101.19 220.865 101.255
56 994.43 77.2 77.92 77.84 79.04 66.132 102.96 134.458 331.423
57 1012.15 77.76 78.76 78.8 76.96 99.636 131.777 165.809 159.862
58 1029.93 77.12 76.68 78.12 78.6 111.645 226.899 259.786 382.958
59 1047.68 78.6 76.48 78.12 78.44 274.091 98.187 179.688 93.999
60 1065.43 78.04 77.12 77.64 77.68 93.736 289.234 130.517 86.442
61 1083.16 77.28 78.04 78.68 77 216.06 295.913 338.817 512.914
62 1100.9 76.8 77.92 77.76 77.4 80.64 184.58 105.833 257.008
63 1118.63 78.32 77.16 76.96 76.56 258.059 206.863 447.114 348.392
64 1136.38 76.16 76 76.8 77.44 92.393 464.689 201.213 294.743
65 1154.13 77.44 77.56 78.04 77.56 122.443 352.829 90.694 248.769
66 1171.86 75.8 76.28 75.08 75.08 246.388 126.309 181.408 424.803
67 1189.63 76.8 75.4 75.92 75.84 192.349 179.979 182.269 86.83
68 1207.39 76.48 75 76.84 76.52 70.215 109.793 135.525 130.707
69 1225.14 75.88 75.8 74.76 75.12 549.917 202.034 332.809 460.457
70 1242.88 75.68 76.2 77.36 76.8 169.655 84.908 167.652 214.553
71 1260.62 74.96 76.12 76 74.84 162.836 226.915 714.005 295.489
72 1278.35 73.28 73.72 73.72 73.44 241.046 211.246 261.607 146.798
73 1296.1 77.8 77.4 75.44 76.12 192.299 177.771 309.842 108.672
74 1313.83 75.56 77.64 77.36 78.12 428.572 544.863 347.754 254.12
75 1331.6 76.72 79.24 75.64 77.64 184.843 105.468 89.317 69.316
76 1349.33 77.6 76.64 75.88 76.2 242.869 109.673 464.628 107.821
77 1367.03 75.88 75.84 76.16 74.4 141.019 300.156 131.174 577.345
78 1384.84 77.6 77.76 77.52 78.56 81.89 192.924 285.583 91.509
79 1402.57 76.56 77.2 75.84 76.36 1122.1 501.651 312.851 165.84
80 1420.29 77.84 78.8 80 77.68 99.219 558.949 275.036 136.124
81 1438.06 76.16 77.76 77.64 77.04 97.061 104.647 125.096 412.189
82 1455.88 76.4 76.68 76.84 75.2 365.027 536.092 196.978 452.292
83 1473.62 78.8 80.04 79.48 78.12 249.695 110.424 451.008 105.989
84 1491.3 75.4 74.68 74.92 76.52 743.437 385.541 123.427 118.881
85 1509.08 78.92 78.96 78.28 78.12 113.379 514.364 272.181 121.215
86 1526.83 78.64 78.68 79.08 80.04 154.299 720.62 833.841 1120.02
87 1544.58 76.68 76.88 76.36 75.12 836.449 638.382 832.768 586.064
88 1562.32 78.24 79.2 79.04 80.16 260.788 307.997 257.341 64.167
89 1580.04 78.76 80.04 79.96 78.44 106.69 325.173 207.261 200.939
90 1597.8 79.4 80.16 80.28 80.68 172.214 79.886 214.107 172.579
91 1615.56 78.48 77.72 79.4 77.64 633.535 244.87 370.173 1265.17
92 1633.29 78.84 79.24 79.44 79.12 2276.16 468.977 1277.92 1109.54
93 1651.04 79.6 81.76 79.4 81.8 891.144 953.842 110.284 406.065
94 1668.82 80.4 80.2 81.4 79.96 426.556 1765.01 369.421 1523.93
95 1686.57 79.72 79.6 79.72 79.68 802.958 731.855 555.266 219.028
96 1704.31 79.28 78.56 79.96 80.52 338.169 132.896 685.625 151.472
97 1722.03 81.36 81.84 80.88 81.52 100.451 72.072 410.26 303.393
98 1739.77 81.16 82.36 80.56 81.04 1014.43 895.608 366.383 748.517
99 1757.51 81.8 81.04 81.2 81.84 1624.89 359.32 1113.43 227.638
100 1775.26 82.44 82.32 80.4 80.48 329.17 253.156 159.757 238.695
101 1793 82.76 81.64 81.72 80.68 217.325 141.501 369.866 812.554
102 1810.73 82.56 83.92 82.48 83.32 405.493 269.772 123.999 393.944
103 1828.51 82.36 82.84 82.8 82.28 812.794 1671.72 450.04 341.523
104 1846.23 82.04 81.8 81.52 83.84 493.493 1685.75 1440.18 1199.89
105 1863.93 53.28 53.88 53.44 52.72 1332.44 1353.41 1579.59 1240.52
106 1881.71 78.8 79.16 78.32 78.32 63.429 64.69 65.989 67.026
107 1899.45 81.64 82.72 81.96 81.48 57.382 51.716 52.454 54.644
108 1917.17 82.32 82.04 81.2 82.28 56.293 56.174 56.361 56.653
109 1934.92 80.92 83.04 81.84 81.4 61.198 55.571 60.635 59.905
110 1952.65 84.04 81.4 82.76 79.56 56.05 58.814 55.931 63.866
111 1970.4 82.92 84.32 82.76 84.36 55.709 48.132 56.516 48.209
112 1988.14 83.12 82.36 83.8 82.12 56.739 60.158 56.19 58.495
113 2005.86 82.76 83.12 84.16 82.12 54.127 55.928 52.624 58.864
114 2023.62 85.08 85 83.52 83.92 50.809 49.094 51.739 50.399
115 2041.36 84.6 84.04 85.12 84.52 53.343 50.609 47.839 52.87
116 2059.12 85.04 83.36 84.4 84.36 50.338 56.376 52.065 55.92
117 2076.85 86.48 84.28 84.08 84.64 43.917 49.978 52.549 50.87
118 2094.59 85.4 84.36 86.2 84.48 51.275 52.918 45.246 53.838
119 2112.34 85.16 83.2 84.56 83.28 57.393 59.409 53.462 60.991
120 2130.11 85.24 85.6 85.16 84.92 51.101 51.742 50.43 53.761
121 2147.84 84.52 86.04 86.44 85.08 54.087 49.877 45.956 54.601
122 2165.59 85.52 85.08 86.2 85.88 49.632 55.333 51.387 51.083
123 2183.34 84.2 83.48 84.32 85.64 59.758 59.047 59.582 55.873
124 2201.04 85.52 85.4 86.36 85.92 56.954 54.061 50.799 50.713
125 2218.8 86.52 86.28 85.04 85.28 47.018 50.42 55.452 52.222
126 2236.53 86 86.04 85.8 85.4 51.608 48.208 50.889 58.645
127 2254.27 85.4 86.48 86.6 86.16 59.322 52.451 52.24 51.785
128 2272.01 86.24 85.24 86.56 86.6 52.23 55.513 51.25 50.207
129 2289.76 85.8 86.44 86.12 86.32 55.947 51.848 53.253 51.785
130 2307.51 86.12 86 85.68 86.36 54.008 59.106 55.388 58.004
131 2325.28 86.64 86.2 85.88 85.16 49.597 57.635 55.568 57.163
132 2342.99 86.76 86.2 86.48 86.24 55.762 54.05 54.742 55.746
133 2360.76 85.56 86.16 86.92 87.36 60.568 55.004 53.783 47.213
134 2378.49 87.76 87.64 87.68 86.32 51.329 53.281 56.066 56.99
135 2396.22 86.72 87.04 87.16 87.32 55.485 52.367 57.072 56.968
136 2413.95 87.36 86.88 86.8 85.92 55.871 57.713 53.496 59.095
137 2431.69 86.76 87.64 86.64 87.4 56.61 49.382 61.849 58.034
138 2449.43 87.08 88.2 87.8 86.6 56.475 51.445 55.905 64.211
139 2467.18 87.8 87.96 86.28 87.6 56.292 54.184 60.833 57.446
140 2484.95 86.72 88.8 87.28 87.44 61.566 49.32 57.323 56.334
141 2502.72 87.2 87.4 88.4 86.64 67.046 53.2 52.36 58.411
142 2520.48 87.68 87.44 87.96 87.12 55.67 52.689 58.076 63.427
143 2538.22 87.12 87.8 87.72 88.28 59.208 56.381 63.05 51.382
144 2555.97 87.36 88.8 87.4 87.16 59.717 51.338 58.743 62.78
145 2573.74 88.6 87.68 87.88 86.56 52.461 64.042 58.481 58.719
146 2591.51 88.16 88.32 87.32 87.48 55.281 56.302 63.716 58.257
147 2609.25 87.64 87.76 88.16 88.04 58.14 59.714 58.02 57.57
148 2626.99 87.84 87.68 88.12 87.48 63.051 56.301 53.182 60.004
149 2644.74 87.48 88.16 86.72 88.04 58.246 58.034 61.59 60
150 2662.48 88.16 88.12 86.92 87.6 61.48 56.316 57.847 61.732
151 2680.21 88.68 86.84 86.76 88.72 56.751 63.515 61.859 51.956
152 2697.93 88.28 87.52 87.92 87.56 59.589 57.937 57.572 59.565
153 2715.68 86.56 87.48 87.8 89.24 64.944 59.485 61.483 50.571
154 2733.43 87.52 87.12 88.32 88.16 57.839 61.209 58.451 56.633
155 2751.16 88.68 86.16 86.84 89.28 53.962 65.722 62.521 53.08
156 2768.92 87.16 87.44 88.4 88.08 56.832 62.883 54.394 57.579
157 2786.67 86.36 88.32 88 88.08 65.97 61.081 57.867 53.114
158 2804.42 88.72 86.96 87.4 87.84 57.078 62.148 63.499 56.531
159 2822.17 88.44 87.32 87.2 87.16 54.036 59.743 62.256 66.652
160 2839.91 86.28 87.76 87.28 88.6 66.461 58.991 65.037 55.936
161 2857.67 87.36 87.48 86.6 87.56 59.223 59.501 63.309 62.641
162 2875.44 87.88 87.44 86.32 87.68 58.679 60.719 69.319 57.224
163 2893.2 86.84 86.6 86.2 87.32 65.865 62.995 63.319 62.941
164 2910.95 87.2 86.48 87.64 87.08 59.418 68.043 65.138 63.233
165 2928.71 87.12 86.76 86.52 86.96 62.65 69.68 67.695 58.892
166 2946.42 87.4 86.76 86.76 86.36 63.549 61.206 62.88 66.759
167 2964.14 86.04 87.24 87.24 86.36 69.697 64.101 65.896 66.674
168 2981.91 86.68 86.36 87.04 85.68 65.467 66.37 65.009 65.777
169 2999.66 86.36 87.8 86.48 85.84 71.924 57.575 64.857 62.215
170 3017.39 87.16 86.56 86.56 87 64.251 58.513 60.878 59.401
171 3035.14 86.88 84.64 87.16 86.92 62.651 70.555 60.134 65.055
172 3052.88 86.36 84.8 83.84 85.4 62.721 67.044 74.583 67.48
173 3070.6 86.68 85.64 87.12 85.44 57.177 59.361 58.185 61.029
174 3088.36 85.28 85.72 86.2 85 63.653 60.253 61.661 61.595
175 3106.13 86.72 85.52 86.04 86.48 55.149 62.149 59.689 59.97
176 3123.89 86 85.84 85.76 84.16 56.527 58.522 60.285 63.347
177 3141.61 85.6 85.84 84.76 86.12 62.976 62.073 60.438 61.527
178 3159.38 85.52 85.08 85.32 84.4 62.53 63.629 59.722 65.057
179 3177.1 84.56 84.16 84.92 84.36 66.353 64.475 61.751 63.118
180 3194.89 84.88 85.32 86.4 85.88 62.999 58.425 54.491 60.976
181 3212.62 85.08 84.84 85.16 85.84 64.301 59.117 62.64 57.435
182 3230.35 85 85.68 85.44 86.4 59.032 59.125 56.933 52.201
183 3248.11 84.88 83.72 85.6 84.64 63.607 68.955 59.148 67.009
184 3265.85 85.4 84.64 84.96 85.12 57.92 59.965 64.115 62.196
185 3283.62 83.8 85.76 85.32 86.68 60.954 55.668 59.457 52.233
186 3301.34 85.6 85 84.8 84.12 58.271 61.005 61.58 62.028
187 3319.07 84.96 84.28 84.48 84.48 61.875 65.424 66.458 62.103
188 3336.81 83.28 84.2 83.96 82.64 71.278 67.078 69.488 66.84
189 3354.53 83.6 84 82.92 85.12 63.753 62.275 66.74 60.913
190 3372.27 84.36 83.96 83.44 84.96 64.255 64.008 63.862 64.589
191 3390.03 85.44 85.56 85.68 85.6 58.325 56.664 56.847 57.924
192 3407.79 83.52 83.28 84.2 83.6 63.708 63.668 66.943 65.576
193 3425.54 84.32 85.68 85.12 84.4 62.311 56.463 58.688 64.683
194 3443.27 83.6 83.52 83.52 83.64 67.676 69.479 67.169 63.639
195 3461 84.64 85 84.52 84.48 58.536 62.88 60.998 66.592
196 3478.77 86 84.36 84.72 85.56 59.064 60.219 66.052 62.246
197 3496.48 85.88 84.28 86.16 86.2 61.604 67.62 54.459 57.117
198 3514.2 84.96 84.2 86.6 85.36 62.584 71.885 56.433 60.438
199 3531.98 85.08 84.56 84.56 84.04 63.109 71.552 68.214 67.611
200 3549.73 85.32 84.28 85.32 85.52 61.007 69.596 59.381 58.085
201 3567.49 83.64 83.52 86.4 83.84 67.342 68.167 54.913 66.168
202 3585.22 84.12 84.48 84.32 84.52 67.833 69.758 66.865 69.11
203 3603.01 85 83.96 86.12 85.2 58.115 64.255 56.442 59.701
204 3620.74 85.4 86.96 85.84 85.32 58.556 51.672 56.978 59.758
205 3638.51 84.16 85 84.44 85.44 67.379 61.756 67.212 61.065
206 3656.25 85 83.56 83.44 84.92 61.13 72.547 68.824 66.391
207 3673.98 85.08 85.68 84.76 85.32 63.949 67.57 69.04 65.364
208 3691.71 85.32 86.48 85.64 85.36 64.287 60.065 58.767 62.432
209 3709.43 85.4 86.16 87.12 85.96 65.001 57.604 53.007 60.724
210 3727.18 87.28 85.88 85.56 86.08 55.81 64.405 65.782 62.81
211 3744.92 86.32 84.92 86.64 85.12 58.992 63.429 60.469 66.574
212 3762.66 85.88 85.4 85.96 85.44 61.49 66.143 60.34 60.683
213 3780.4 85.84 86.24 87.88 86.08 63.713 64.547 54.95 63.909
214 3798.14 85.48 86.28 86.88 86.4 61.664 64.608 63.033 58.714
215 3815.9 87.56 87.52 86.36 86.04 56.149 57.527 61.033 62.891
216 3833.65 86.76 86.8 87.88 86.64 60.196 57.064 59.72 61.19
217 3851.4 86.28 86.84 86.32 86.6 63.115 64.509 58.086 65.871
218 3869.15 87.32 88.16 86.56 87.32 61.537 54.382 63.16 61.365
219 3886.89 86.92 86.72 86.8 86.2 60.485 68.914 65.54 71.101
220 3904.61 87.68 88.32 87.88 86.44 65.104 58.027 60.864 68.947
221 3922.38 87.24 86.64 86.32 88.08 65.001 67.436 73.065 60.07
222 3940.14 86.8 88.68 86.96 87.6 69.175 57.996 68.805 63.111
223 3957.88 87.44 87.12 87.08 86.84 64.013 63.906 67.856 68.754
224 3975.61 86.32 88.16 87.08 87.12 75.649 63.653 70.136 69.231
225 3993.36 87.76 87.8 89.48 86.52 63.436 72.025 61.067 66.939
226 4011.13 88.28 87.36 87.8 86.56 63.419 69.382 66.521 71.226
227 4028.89 88.4 88.56 87.32 87.8 65.305 60.814 68.445 69.742
228 4046.66 88.04 87.44 87.52 87.52 68.662 60.279 70.244 69.893
229 4064.38 88.08 88.72 88.2 86.6 72.375 64.218 66.801 74.851
230 4082.12 88.04 87.68 87.96 89.24 67.269 75.54 76.166 60.887
231 4099.88 88.8 88.96 87.96 87.4 65.347 64.261 72.551 70.058
232 4117.62 88.44 88.4 90.12 86.84 70.948 68.821 62.272 75.476
233 4135.36 89.28 88.16 88.36 88.08 62.508 78.394 70.761 69.787
234 4153.05 87.8 88.44 89.24 89.24 72.228 73.019 64.09 65.525
235 4170.79 89.52 87.8 88.64 88.28 63.966 74.793 64.073 80.267
236 4188.54 88.56 89.96 87.96 88.88 70.783 62.559 77.694 70.427
237 4206.29 88.76 88.2 88.44 89.12 69.807 72.158 73.341 68.338
238 4224.04 88.76 88.08 88.72 88.68 73.977 75.631 66.495 71.607
239 4241.76 87.88 88.88 88.24 89.4 75.818 67.52 69.612 68.306
240 4259.49 88.6 88.2 88.24 89.36 72.54 71.589 65.246 74.457
241 4277.2 88.6 89.12 88.88 88.88 78.756 66.683 72.363 68.148
242 4294.95 88.8 89.16 88.28 89.08 68.419 68.307 75.335 71.607
243 4312.71 88.68 88.28 90.12 88.6 70.801 72.023 63.155 77.736
244 4330.41 89.08 88.28 89.08 89.28 72.634 70.698 68.204 73.32
245 4348.15 88.64 88.12 88.88 89.24 77.946 71.381 69.342 68.25
246 4365.88 89.4 87.28 89.48 89.56 71.291 77.317 67.413 67.03
247 4383.64 88.76 88.2 89.08 89.48 72.947 74.456 68.473 67.258
248 4401.39 88.92 88.24 88.84 89.52 67.54 75.549 70.11 69.892
249 4419.09 88.76 88.72 88.44 89 69.1 68.729 77.516 66.87
250 4436.84 89.08 88.44 88.2 89.44 68.411 76.142 73.755 64.929
251 4454.57 89.44 89.24 88.64 88.8 67.568 68.778 75.005 70.087
252 4472.29 89.44 89.08 89.12 88.16 60.797 74.743 72.218 76.143
253 4490.06 89.56 88.68 88.04 89.24 70.889 68.269 75.986 70.515
254 4507.83 88.28 89.24 89.8 88.44 74.644 66.815 69.612 73.663
255 4525.57 88.8 88 89.76 88.32 67.189 74.652 66.123 74.783
256 4543.31 89 89.04 88.96 88.72 69.482 69.695 72.19 72.573
257 4561.05 88.8 88.6 88.72 89.04 70.937 65.022 79.503 66.261
258 4578.81 88.4 88.44 89.24 89.28 72.48 74.932 66.146 70.673
259 4596.55 89 88.52 88.8 88.48 70.759 71.905 76.09 69.088
260 4614.3 87.84 88.88 88.48 89.4 76.172 71.566 74.243 68.493
261 4632.05 89.56 88.52 88.6 89.08 66.587 73.717 76.236 70.115
262 4649.76 89.08 89.32 88.6 88.6 73.527 62.697 76.33 76.593
263 4667.53 87.84 89.36 89.52 89.2 77.548 72.753 68.648 75.346
264 4685.27 88.12 87.68 88.96 89.04 74.456 80.699 74.521 72.341
265 4703 88.72 88.24 89.12 88.44 68.741 75.924 67.838 76.444
266 4720.73 89.04 89.08 89.88 86.52 68.949 73.103 69.863 82.321
267 4738.48 87.84 89.64 88.12 87.68 81.616 63.344 78.214 80.591
268 4756.25 87.4 88.6 89.28 88.88 88.736 71.909 73.981 74.412
269 4773.99 87.76 88.92 88.16 88.32 76.804 77.474 77.414 73.176
270 4791.73 88.12 88.56 88.84 87.68 74.152 77.823 73.151 83.584
271 4809.5 88.2 88.2 89.12 87.52 82.527 70.362 70.555 79.149
272 4827.26 87.28 89.48 87.04 88.4 74.425 70.728 87.542 70.792
273 4845 87.84 87.8 88.72 87.68 83.33 80.241 72.224 76.253
274 4862.71 88.52 87.2 87.24 86.92 75.447 79.591 88.294 81.731
275 4880.47 88.28 86.56 86.56 89.2 77.963 83.335 85.122 78.101
276 4898.2 87.52 87.88 87.36 87.36 77.169 70.985 77.781 80.108
277 4915.97 87.36 87.6 86.76 87 69.264 75.45 72.708 76.881
278 4933.7 86.4 88.4 87.72 88.12 80.857 64.229 70.322 72.707
279 4951.47 86.4 87.16 87.16 87.92 84.481 75.307 74.021 77.262
280 4969.23 86.24 86.12 87.6 86.08 72.757 74.375 69.356 74.332
281 4986.96 86.68 86.16 88.2 87.12 69.829 77.615 64.122 69.765
282 5004.7 86.72 86.76 85.24 87.08 79.104 75.447 79.807 68.406
283 5022.46 86.56 86.92 86.92 86.12 68.269 70.295 72.027 73.676
284 5040.22 86.64 86.72 86.88 87.32 73.524 65.662 68.407 67.927
285 5057.94 85.48 86.36 86.72 86.72 75.609 71.443 69.796 65.723
286 5075.72 84.24 85.4 85.76 86.12 76.524 78.45 75.527 69.088
287 5093.44 86.16 86.28 85.36 85.92 74.078 69.307 77.487 73.93
288 5111.19 86.28 86.6 86.72 85.96 65.045 62.844 65.238 66.244
289 5128.93 85.28 86.88 85.36 85.36 79.702 70.812 75.305 75.248
290 5146.65 86.16 85.44 85.64 86.56 67.96 75.038 73.643 67.544
291 5164.44 85.72 84.92 87.6 84.96 71.169 75.046 62.061 73.398
292 5182.18 86.24 87.2 86.24 86.92 64.053 61.002 66.365 59.739
293 5199.93 85.32 85.8 85.04 85.08 74.086 67.223 72.982 71.372
294 5217.63 85.24 86.32 85.16 85.96 67.3 63.338 65.393 65.071
295 5235.39 86.36 84.76 85.08 86.68 62.696 78.665 69.259 65.176
296 5253.13 85.52 85.08 85.04 86.08 73.946 78.305 77.249 67.202
297 5270.88 85.92 85.16 86.08 86.32 69.916 69.906 62.748 66.48
298 5288.62 86.88 85 85.44 87.04 58.929 64.054 67.643 59.272
299 5306.4 85.32 85.88 84.88 84.88 69.654 67.35 74.182 72.473
300 5324.11 88.32 85.92 86.64 87.52 55.293 66.294 58.352 65.263
301 5341.87 86.72 86.52 86.84 88.04 65.099 67.491 65.866 60.567
302 5359.61 86.2 86.6 85.72 86.08 68.058 64.216 73.722 66.903
303 5377.37 88.16 87.48 85.12 86.96 55.084 62.323 69.074 60.796
304 5395.14 85.52 86.6 87.12 87.28 67.662 69.289 64.784 58.34
305 5412.92 86.4 85.32 86.92 85.44 67.622 72.441 61.746 70.322
306 5430.66 86.72 87.28 85.84 86.52 65.076 62.715 67.74 66.357
307 5448.41 86.84 86.84 87.32 86.68 64.995 65.652 60.664 62.827
308 5466.15 87.16 85.76 86.4 87.16 62.724 69.767 68.144 63.218
309 5483.89 85.08 84.6 83.84 84.72 75.818 67.94 79.462 78.085
310 5501.68 86.96 86.12 86.8 86.24 60.092 70.026 63.422 70.019
311 5519.4 88.4 86.88 87.52 87.84 56.714 67.61 58.36 57.718
312 5537.12 86.12 86.32 87.12 86.16 68.108 65.546 63.511 64.608
313 5554.89 87.68 87.56 85.96 87.44 61.41 60.798 69.737 63.113
314 5572.63 87.68 87.88 86.76 88.04 66.065 63.199 65.081 66.015
315 5590.35 87.2 86.56 87 86.56 62.532 75.801 67.895 67.808
316 5608.07 87.88 88 87.56 87.68 63.953 67.382 63.933 70.083
317 5625.84 87.72 87.64 87.72 87.36 68.187 66.358 66.913 71.688
318 5643.57 86.72 87.48 87.56 88.24 68.12 70.032 74.679 72.084
319 5661.31 87.68 88 88.08 87.12 69.918 63.201 58.691 74.045
320 5679.05 87.48 86.96 88.08 87.92 74.724 76.763 67.145 64.015
321 5696.77 88.28 87.88 88.24 88.88 68.468 73.582 63.851 65.685
322 5714.5 88.68 88.12 88.52 87.48 65.312 67.266 65.866 72.225
323 5732.22 88.12 87.68 89.04 88 75.185 77.101 65.95 65.915
324 5749.98 88.96 88.2 88.84 88.72 65.646 65.485 66.56 67.183
325 5767.73 88.92 88.12 88.72 88.32 66.713 75.552 66.234 66.994
326 5785.48 88.48 89.2 89 88.04 70.866 63.751 72.636 73.478
327 5803.24 89.04 88.8 87.92 88.96 67.844 77.012 76.197 68.373
328 5820.97 88.44 88.56 89.16 88.6 69.097 70.903 73.352 76.849
329 5838.72 89.84 88.32 89.84 88.52 65.758 70.099 65.666 74.976
330 5856.47 89.6 89.12 88.96 88.68 68.525 72.636 72.164 77.628
331 5874.2 90.04 87.92 88.68 89.56 60.341 79.381 76.1 74.231
332 5891.96 88.8 89.08 88.8 90.2 74.499 66.995 77.213 67.705
333 5909.72 88.64 89.64 90.16 88.4 75.904 70.11 61.447 77.841
334 5927.48 89.4 88 89.8 89.8 65.094 84.347 73.706 69.341
335 5945.25 89.2 88.68 89.08 89.68 62.356 79.618 69.155 69.256
336 5963 89.28 88.6 89.32 90 68.361 76.586 68.841 69.76
337 5980.76 88.92 89.04 89.4 89.32 73.234 78.132 67.243 72.854
338 5998.48 88.8 89.44 89.36 89 75.929 73.806 73.642 69.26
339 6016.28 89.32 89.08 89.56 89.04 70.023 74.921 67.958 77.068
340 6033.97 88.72 88.64 90.16 89.28 79.066 78.909 63.528 70.926
341 6051.73 88.48 88.28 90.08 89.72 75.858 78.594 71.439 69.71
342 6069.47 89.6 89.6 89.28 89 73.959 75.055 70.177 73.164
343 6087.22 89.44 88.96 89.6 89.76 68.493 80.039 74.945 64.181
344 6104.97 89.92 88.48 89.28 89.68 66.141 81.267 73.383 67.064
345 6122.7 89.88 89.56 88.84 89.36 66.887 74.252 76.104 71.049
346 6140.43 88.92 89.36 89.32 89.88 77.567 72.636 71.085 65.827
347 6158.17 89.48 89.12 89.04 90.24 71.367 72.249 77.108 69.03
348 6175.88 88.88 88.96 90.2 89.56 70.095 76.748 68.817 70.746
349 6193.66 89.88 89.16 89.44 89.4 68.765 68.927 77.139 73.15
350 6211.34 88.32 90.36 89.12 89.72 78.863 63.756 76.611 68.326
351 6229.13 89.28 90.08 89.44 88.92 74.917 69.91 69.161 75.844
352 6246.88 89.08 89.68 89.6 89 65.599 68.459 75.934 78.663
353 6264.62 89.6 89.08 89.48 89.48 67.705 71.044 78.29 71.584
354 6282.39 88.76 89 89.48 90.52 79.175 72.184 71.377 65.727
355 6300.12 89.64 88.92 89.68 89.36 67.82 76.153 72.826 69.262
356 6317.86 89.36 89.24 89.36 89.32 76.344 66.066 71.621 73.925
357 6335.6 89.52 90.04 89 88.52 74.488 66.582 75.039 74.736
358 6353.34 89.44 89.12 89.12 89.76 75.869 75.071 71.724 68.098
359 6371.09 89.48 88.96 89.76 89.16 71.34 76.914 73.22 71.406
360 6388.83 89.76 87.88 89.32 90.72 79.574 79.918 69.465 63.261
361 6406.56 89.88 89.16 89.56 89.24 72.521 72.369 74.048 70.604
362 6424.3 89.48 88.28 89.68 90.12 69.266 85.802 71.715 67.77
363 6442.09 89.4 88.44 89.88 90.16 75.401 79.347 73.769 67.122
364 6459.83 89.4 88.68 89.52 90.04 72.089 79.416 70.414 70.688
365 6477.54 88.68 89.52 89.68 89.92 76.695 71.83 71.28 72.681
366 6495.31 90.76 89.12 89.04 88.84 66.053 76.308 79.585 77.305
367 6513.05 89.96 88.92 89.32 89.16 71.955 72.551 76.488 73.842
368 6530.81 88.8 89.68 89.12 89.6 79.888 67.82 74.521 73.929
369 6548.57 89.6 89.76 89.08 88.68 69.482 68.016 82.055 83.362
370 6566.3 88.56 89.28 89.72 88.8 78.693 77.411 77.93 78.244
371 6584.05 89.48 89.4 88.6 88.92 80.359 74.731 83.422 73.265
372 6601.81 89.16 88.28 90.2 89.2 82.597 81.075 70.289 72.178
373 6619.56 89.28 89 88.48 88.8 72.849 73.292 78.898 76.945
374 6637.3 89.44 87.96 88.52 90.36 70.28 80.318 80.771 66.383
375 6655.03 87.48 88.8 88.4 88.88 85.94 68.836 74.718 82.985
376 6672.78 89.36 89.04 88.28 88.04 76.645 74.961 79.909 82.053
377 6690.51 88.56 89.52 87.16 88.8 75.889 72.387 89.561 72.803
378 6708.26 87.56 87.96 87.56 87.32 82.22 79.518 80.353 81.035
379 6726.01 87.36 87.84 87.68 89.36 75.993 70.299 82.636 67.681
380 6743.76 88.2 87.64 87.96 87.6 71.228 77.853 72.058 68.302
381 6761.5 88.12 88.76 88.24 87.16 76.724 66.507 71.046 77.503
382 6779.27 87.92 88.48 87.72 87.92 73.165 67.336 71.108 71.468
383 6797.01 87.76 86.4 88.52 86.44 75.034 82.075 70.117 86.031
384 6814.77 87.4 87.64 87.16 87.84 74.543 71.907 75.256 67.741
385 6832.5 87.96 88.04 87.28 87.88 74.027 69.981 70.069 67.415
386 6850.25 85.92 86.12 86.8 85.88 76.872 83.071 80.983 84.046
387 6868.01 87 85.96 87.36 87.52 67.849 74.13 66.216 70.422
388 6885.75 85.16 84.96 84.48 84.8 78.463 78.505 82.533 83.891
389 6903.46 86.16 86.76 85.32 87 74.681 62.124 72.71 62.207
390 6921.19 86.04 86.6 87.48 86.36 72.693 70.727 70.261 65.754
391 6938.97 84.04 84.68 84.6 85.12 75.003 69.005 76.223 75.313
392 6956.69 85.88 87.28 86.32 86.44 65.188 64.973 66.863 66.65
393 6974.45 86.88 86.76 87.08 87.08 65.509 69.589 58.512 61.073
394 6992.23 87.48 87.08 87.6 87.04 67.703 61.605 59.961 62.03
395 7009.98 85.16 85.92 83.56 83.92 73.11 72.337 86.758 84.98
396 7027.72 85.32 85.84 87.52 86.44 82.954 68.918 67.488 62.627
397 7045.48 85.48 85.68 85.36 86.24 70.32 70.584 69.271 67.064
398 7063.21 86.56 86.72 88 87.48 66.44 72.697 62.958 64.444
399 7080.93 86.72 86.68 85.52 86.8 67.921 73.004 71.968 63.509
400 7098.65 87.72 85.88 87.16 86.52 64.881 69.44 68.345 71.207
401 7116.39 86.72 86.32 85.6 86.16 65.427 70.149 71.637 70.595
402 7134.13 86.8 87.6 86.6 86.72 58.887 60.718 65.177 69.29
403 7151.85 87.08 86.72 86.72 86.36 65.51 68.206 71.347 71.387
404 7169.58 86.96 85.8 86.76 85.84 71.199 78.28 67.565 72.89
405 7187.32 86.8 87.2 86.28 86.56 67.849 68.54 74.2 72.307
406 7205.07 86.72 86.8 86.92 87.6 71.661 69.237 68.54 71.164
407 7222.8 87.56 87.52 87.72 87.28 64.109 64.878 62.245 65.973
408 7240.54 85.84 86.8 87.16 85.36 75.424 67.318 64.446 76.008
409 7258.3 87.72 87.56 87.84 87.28 64.472 64.224 69.354 64.717
410 7276.03 87.24 87.56 87.72 87.28 62.114 68.445 65.683 66.932
411 7293.8 87.24 86.08 86.76 87.72 71.271 77.253 68.62 64.968
412 7311.55 86.8 87.4 86.44 86.68 76.87 62.991 68.196 68.467
413 7329.31 87.28 89.24 87.64 88.08 66.329 59.903 65.657 63.347
414 7347.02 88.08 87.36 87.24 88.84 64.86 68.036 66.603 63.381
415 7364.79 88.08 87.72 87.44 88.6 66.744 71.579 77.452 63.756
416 7382.55 88.32 88.68 88.84 88.32 63.585 63.319 64.083 63.614
417 7400.28 88.04 87.6 87 87.68 68.223 69.616 72.925 71.449
418 7418.02 89.08 89.76 89.6 88.52 66.728 60.653 63.839 69.671
419 7435.79 88.76 88.56 88.44 88.56 64.629 61.636 63.645 62.32
420 7453.55 88.2 88.12 87.28 89.68 72.072 69.271 80.707 61.649
421 7471.29 87.8 87.36 87.84 89.28 74.471 67.262 72.214 62.568
422 7489.05 88.84 88.84 89.32 89.44 63.433 66.298 64.048 62.772
423 7506.8 89.16 89.6 88.6 88.4 67.366 64.316 69.794 73.024
424 7524.53 88.72 88.72 90.76 89.08 70.142 65.787 55.12 64.658
425 7542.27 88.92 88.4 89.36 88.48 68.988 77.781 64.388 69.213
426 7560.03 88.04 88.24 89.76 88.76 80.864 73.843 63.38 68.663
427 7577.79 88.84 89.2 88.76 89.2 73.5 65.96 63.746 66.179
428 7595.54 89.04 89.08 90.2 89.4 70.656 77.489 63.568 71.67
429 7613.28 89.68 89.96 88.76 89.16 64.051 68.386 74.799 72.672
430 7631.02 88.68 88.52 90.52 90.6 73.543 73.378 61.342 67.257
431 7648.75 91 90.2 89.04 90.08 55.337 70.603 73.847 70.079
432 7666.49 90.24 89.72 89.28 89.56 69.629 64.827 73.597 73.385
433 7684.25 89.2 89.92 90.52 89.8 71.26 66.85 63.349 69.691
434 7701.97 90.8 89.88 89.2 90.16 60.469 72.767 75.449 63.956
435 7719.72 90.12 89.76 90.16 90.44 71.214 71.081 68.128 65.335
436 7737.44 90.24 90.12 89.44 90.92 63.528 72.464 72.731 65.367
437 7755.18 89.88 89.6 89.92 90.64 67.231 74.646 66.692 60.11
438 7772.94 90.28 91 89.72 89.92 68.003 61.336 74.936 68.161
439 7790.68 90.32 89.6 89.76 90.68 67.752 70.164 64.2 66.888
440 7808.4 89.84 90.8 90.04 90.32 70.203 63.451 70.248 67.031
441 7826.16 89.12 90.64 90.16 90.6 77.09 62.023 66.931 65.672
442 7843.87 89.76 90.08 90.64 89.76 72.191 65.851 62.959 73.22
443 7861.64 90.2 90.2 89.48 90.8 69.981 67.464 70.266 66.141
444 7879.38 89.92 90.16 90.48 90.04 69.348 74.255 64.382 64.57
445 7897.12 90.64 90.8 89.88 89.4 67.84 61.397 66.677 75.362
446 7914.89 90.12 90.72 89.4 90.64 71.532 67.387 67.262 64.644
447 7932.63 91 89.68 89.52 90.24 63.751 71.922 75.027 63.182
448 7950.35 89.48 90.52 89.8 90.92 69.569 67.796 67.009 69.208
449 7968.14 89.48 90.96 90.12 90.04 66.304 64.384 72.301 68.316
450 7985.89 89.76 90.76 89.32 90.48 66.318 63.854 71.731 66.909
451 8003.64 90.44 90.08 90.2 89.88 65.825 69.842 72.756 66.816
452 8021.39 90.48 89.8 89.36 91.08 63.779 65.68 79.258 66.682
453 8039.1 90.28 90.24 90.28 89.8 66.16 71.264 68.387 68.886
454 8056.87 90 89.72 90.28 90.4 65.18 71.463 70.962 63.977
455 8074.64 90.36 89.2 91.52 89.68 68.302 64.423 59.977 76.996
456 8092.41 90.56 90.24 89.96 90.2 67.846 69.448 68.202 68.575
457 8110.14 89.52 89.68 91.2 90.04 68.365 71.171 62.414 70.722
458 8127.91 91.28 89.8 89.56 90.16 60.767 67.778 74.358 68.368
459 8145.66 90.44 90.2 90.56 89.84 73.136 62.199 63.636 71.591
460 8163.41 90.4 90.04 89.88 90 65.302 68.609 73.597 64.41
461 8181.12 90.36 90.72 89.6 90.16 70.222 62.408 69.481 69.895
462 8198.86 90.28 89.92 90.44 89.64 64.962 68.967 71.055 72.392
463 8216.59 90.28 89.96 90.28 89.6 66.095 69.54 71.308 73.081
464 8234.34 90 89.12 90.68 89.8 73.859 73.973 63.901 67.475
465 8252.1 89.96 90.32 90.76 89.64 73.613 66.011 63.806 75.589
466 8269.85 89.8 89.72 89.56 91.6 69.572 72.541 77.672 61.193
467 8287.57 91 89.28 90.32 89.52 62.033 78.061 65.639 76.412
468 8305.32 89.48 90.12 90.44 90.48 76.098 66.401 67.596 62.976
469 8323.1 90.68 90.4 90 89 57.269 61.567 74.436 80.031
470 8340.85 90.08 90.48 89.6 90.08 67.365 70.932 75.409 71.02
471 8358.62 89.6 90.32 89.32 90.52 75.464 69.677 77.337 64.517
472 8376.31 90.24 89.04 90.16 90 68.175 78.541 76.805 70.415
473 8394.08 90.04 90 89.56 89.36 75.557 75.226 71.671 72.742
474 8411.84 89.76 90.12 90.24 90.04 68.394 75.586 71.934 73.372
475 8429.56 90.24 89.2 89.04 89.24 70.451 78.65 77.568 72.7
476 8447.32 88.72 88.48 89.84 88.2 81.919 74.686 69.024 83.136
477 8465.05 89.52 88.88 88.72 88.96 74.344 74.847 83.98 76.077
478 8482.8 89 89.08 88.72 88.96 78.948 72.211 75.159 76.81
479 8500.55 90.64 87.76 89.24 88.88 63.24 79.757 74.129 70.039
480 8518.29 89.28 88.28 87.48 87.44 65.98 81.963 82.467 85.563
481 8536.02 87.52 87.32 86.68 87.96 74.531 84.477 80.547 80.909
482 8553.77 87.68 87.72 87.92 88.28 78.522 80.128 77.168 78.142
483 8571.53 86.96 87.56 88 87.48 77.446 66.056 73.612 79.247
484 8589.25 86.84 86.68 87.68 86.72 78.55 76.255 67.53 77.699
485 8606.98 88.28 88.32 89.04 86.68 60.592 66.085 58.373 76.841
486 8624.72 88.48 86.96 87.8 87.48 69.285 71.588 65.746 70.435
487 8642.5 85.88 87.48 88.68 87.56 73.692 67.226 64.135 65.046
488 8660.26 87.24 87.72 88.48 86.32 74.844 69.061 64.114 72.413
489 8678 86.88 86.16 87.6 87.12 67.229 73.64 64.094 67.772
490 8695.74 86.4 88.24 86.24 87.48 72.122 60.107 68.5 69.609
491 8713.44 87.08 87.48 87.08 87.24 68.418 67.406 70.63 74.072
492 8731.19 88.16 88.04 87.76 88.68 64.186 65.178 62.171 58.28
493 8748.94 86.4 86.24 85.68 85.72 65.024 72.913 79.026 72.995
494 8766.67 87.36 87.44 87.12 87.44 67.638 63.586 64.136 59.905
495 8784.45 86.28 85.8 85.96 85.24 74.521 69.919 75.609 71.033
496 8802.18 87 87 86.44 85.92 67.461 65.435 67.296 73.287
497 8819.95 86.4 87.92 86.92 87.72 74.79 57.672 67.374 65.993
498 8837.7 87.12 86.32 87.44 87.84 63.988 67.541 69.678 61.483
499 8855.46 87.04 86.96 87.2 87.24 64.164 65.712 63.384 66.541
500 8873.19 86.52 86.12 86.6 86.88 68.541 70.888 69.543 70.204
501 8890.96 85.88 87.16 86.44 85.88 74.712 66.078 70.396 68.242
502 8908.74 84.92 85.56 86.24 86.52 76.751 78.411 69.246 71.164
503 8926.47 88.16 87.24 88.16 87 59.688 55.77 56.977 61.718
504 8944.21 88.52 87 87.56 88.4 59.624 63.628 59.814 57.995
505 8961.99 87.2 89 88.56 87.16 69.733 54.31 55.505 62.718
506 8979.76 87.8 87.68 87.8 88.4 55.842 60.411 57.196 59.693
507 8997.5 85.96 87.16 87 87.48 70.673 67.724 66.432 59.15
508 9015.26 85.96 86.72 86.2 87.52 81.419 69.287 81.04 64.242
509 9033.01 87.6 86.8 87.68 87.68 63.53 64.913 56.381 65.525
510 9050.76 88.48 87.92 88.16 88.48 64.258 65.001 60.628 66.284
511 9068.5 87.44 88.2 88.4 87.2 66.656 61.313 66.514 70.946
512 9086.23 88.48 87.32 88.08 87.36 61.192 69.412 64.634 69.957
513 9104.01 88.8 89.16 88.48 87.4 57.342 58.219 61.587 64.624
514 9121.77 89 87.76 87.76 87.16 56.392 66.461 66.478 71.611
515 9139.52 89 88.04 87.72 88.64 58.121 67.666 68.093 66.897
516 9157.28 89.2 88.04 89.72 88.84 60.667 64.429 58.072 58.705
517 9175.03 87.04 89.12 87.96 88.36 78.723 62.009 70.762 60.765
518 9192.77 88.08 88.36 89.36 89.08 67.404 61.716 58.3 63.241
519 9210.52 88.76 89 88.12 88.52 68.624 57.566 70.518 63.039
520 9228.25 88.72 88.76 88.48 89.2 65.626 70.317 67.286 64.345
521 9245.98 88.68 88.76 89 89.36 67.771 71.276 68.438 64.362
522 9263.76 89.56 89.12 89.52 87.64 62.046 67.584 67.775 76.758
523 9281.47 90.6 89.2 88.48 88.84 58.811 69.679 70.995 68.1
524 9299.23 89.96 88.6 89.8 88.8 64.196 74.163 63.767 68.94
525 9316.94 89.88 88.88 89.16 89.52 61.022 67.22 72.996 64.578
526 9334.67 89.64 88.64 88.32 91.4 67.744 69.662 70.507 54.626
527 9352.42 89.28 88.88 90.04 90.24 63.916 67.233 67.601 60.32
528 9370.16 89.64 90.32 89.16 90.36 64.344 62.781 71.416 57.05
529 9387.86 90.72 90.08 89.56 88.88 60.625 66.711 61.785 71.008
530 9405.66 90.72 90.24 89.28 89.92 64.015 61.973 69.042 70.686
531 9423.38 89.48 90.72 89.88 90.28 75.92 61.574 69.27 63.109
532 9441.16 90.56 89.76 89.96 89.28 59.317 70.329 59.49 73.533
533 9458.9 89.88 89.76 90.44 89.92 66.568 67.992 59.166 68.903
534 9476.64 90.56 90.32 89.92 89.28 61.773 60.059 69.902 68.299
535 9494.38 89.76 91.36 89.84 89.56 63.269 57.456 70.351 66.06
536 9512.15 89.84 90.68 90.6 90.32 66.768 64.819 64.411 57.828
537 9529.91 90.36 90.6 90.16 89.6 57.097 61.438 67.485 70.541
538 9547.65 89.84 90.16 90.08 90.76 62.747 68.506 67.029 58.464
539 9565.39 90.08 90.36 89.44 90.16 71.375 62.429 68.765 59.024
540 9583.14 89.92 90.36 90.28 90.08 60.969 64.896 63.141 71.291
541 9600.89 90.28 90.08 90 90.96 63.911 72.045 64.948 56.892
542 9618.66 89.72 90.84 90.52 89.72 64.22 63.536 63.053 65.43
543 9636.41 90.8 89.24 89.68 91.76 62.551 70.909 71.771 54.916
544 9654.17 90.32 89.6 90 90.92 64.566 70.283 65.634 58.083
545 9671.9 89.68 90.96 90.04 90.4 72.935 58.361 69.199 61.243
546 9689.64 90.88 90.04 90.16 90.48 60.552 68.404 64.571 64.455
547 9707.38 90.4 90.16 90 90.76 65.749 63.648 67.98 64.711
548 9725.15 90.12 90.24 90.32 90.4 65.535 60.935 65.418 65.577
549 9742.88 90.88 89.92 89.48 90.44 62.89 69.591 64.977 63.096
550 9760.62 90.32 90.44 90.28 90 63.713 61.439 69.283 65.197
551 9778.35 89.72 90.96 90.04 90.52 66.442 57.576 69.558 63.685
552 9796.12 90.28 90.96 89.4 90.12 65.049 61.141 70.488 64.07
553 9813.88 89.72 90.12 90.6 90.84 72.814 61.605 62.779 64.487
554 9831.63 91.16 90.16 90.4 89.68 54.633 63.148 67.758 71.063
555 9849.39 90.52 90.68 89.48 90.4 61.702 60.73 73.878 65.986
556 9867.16 89.64 90.4 90.2 90.76 66.886 63.233 69.428 62.177
557 9884.89 91.24 90.64 89.72 89.92 56.302 66.547 65.826 72.816
558 9902.61 89.2 90.8 90.52 90.88 71.822 63.089 59.144 62.967
559 9920.35 90 90.16 90.16 90.76 61.188 65.92 68.868 63.752
560 9938.09 90.16 90.2 90.72 89.84 71.387 62.002 58.808 70.987
561 9955.82 90.8 89.24 90.08 90.24 62.865 72.002 62.713 62.925
562 9973.58 89.92 90.52 90 90.36 64.023 65.041 65.407 64.56
563 9991.31 91.12 90.24 90 90.04 66.347 66.178 66.072 64.533
564 10009.1 90.32 90.04 90.68 89.84 69.141 66.586 58.769 69.753
565 10026.8 90.52 90.84 89.88 90.2 69.009 62.561 58.305 73.436
566 10044.6 90.44 89.72 90.36 90.96 70.439 68.868 65.94 64.055
567 10062.3 92.08 90.12 89.28 89.28 55.319 70.648 77.324 65.891
568 10080 90.36 90.68 90.2 89.8 67.15 62.517 65.727 66.87
569 10097.7 89.84 89.84 89.64 91.04 71.156 64.323 75.408 60.681
570 10115.5 89.32 91.36 90.28 90.76 71.412 66.767 68.864 63.575
571 10133.2 90.56 90.12 89.24 90.16 63.873 69.199 72.876 67.817
572 10151 90 90 89.96 90.04 72.326 72.37 65.692 67.489
573 10168.7 90.4 90.44 89.76 89.72 63.628 69.499 66.49 75.577
574 10186.4 89.6 89.96 89.92 90.04 77.781 68.327 72.099 71.223
575 10204.2 89.44 89.96 89.24 89.56 72.932 68.066 78.353 68.847
576 10221.9 88.4 89.24 90.2 90.4 71.978 71.115 71.441 69.757
577 10239.7 89.52 90.32 88.84 89.48 77.569 65.345 78.62 68.833
578 10257.4 89.76 88.52 88.56 90.4 70.1 71.847 73.87 71.71
579 10275.1 88.92 89.68 88.4 89.12 79.879 62.723 79.836 72.3
580 10292.9 89.24 89.16 88.36 87.84 70.435 71.202 77.872 77.043
581 10310.6 88.52 88.92 88.52 88.48 69.207 68.146 67.298 73.437
582 10328.4 88.52 87.48 88.36 89 68.828 68.034 73.2 71.069
583 10346.1 88.96 86.96 87.68 87.84 67.583 85.617 74.842 82.26
584 10363.9 86.64 86.56 87.64 86.92 85.403 84.237 71.524 71.177
585 10381.6 88.08 87.68 87.48 88.64 75.364 67.047 69.525 67.287
586 10399.4 87.64 87.48 87.16 88.04 73.558 69.477 78.809 65.923
587 10417.1 86.48 86.48 87.44 87.04 76.015 80.737 74.45 76.871
588 10434.9 88.44 88.76 87.92 87.36 68.734 61.959 65.846 72.602
589 10452.6 88.12 88 86.68 87.2 58.341 63.231 71.352 68.292
590 10470.4 86.44 87 85.8 86 82.634 74.785 83.1 82.52
591 10488.1 86 85.68 86.72 86.4 71.917 78.818 69.789 66.883
592 10505.9 86.12 88.2 87.08 87.12 67.424 60.03 70.769 67.924
593 10523.6 86.32 87.2 88.4 87.44 77.645 73.412 64.693 63.137
594 10541.4 85.96 85.76 87.36 86.4 78.269 84.987 74.5 77.532
595 10559.2 86.76 85.64 85.88 86.12 67.81 72.809 66.817 69.045
596 10576.9 88.6 88.12 86.8 87.6 60.316 63.05 71.089 66.302
597 10594.6 86.68 85.32 85.44 85.16 75.292 77.976 86.764 75.606
598 10612.4 86.84 86.48 87.08 88.16 67.5 74.751 67.936 66.936
599 10630.1 86.24 87.56 86.52 87.4 75.048 66.856 68.375 64.432
600 10647.9 88.28 87.32 89.08 87.76 56.742 63.98 50.617 59.612
