1 6.89 21.76 21.08 19.88 20.48 206.265 207.961 209.689 210.123
2 12.45 21.6 21.72 21.56 21.28 200.108 197.929 201.237 200.721
3 18.05 32.24 31.88 33.12 32 179.065 182.63 180.926 179.048
4 23.6 33.76 35.8 33.2 34.32 178.492 174.805 178.131 177.264
5 29.15 35.72 35.32 34.32 35.84 179.252 182.429 177.555 178.227
6 34.63 37.72 36.56 35.4 37.04 162.034 164.168 165.157 162.411
7 40.19 39.76 40.48 40.04 40.04 162.306 164.609 166.959 163.712
8 45.76 37.4 37.24 37.8 40.32 168.404 169.029 164.113 164.993
9 51.34 41.12 43.28 42.12 43.6 158.045 151.499 153.133 146.901
10 56.92 41.8 42.56 41.12 41.32 158.162 155.581 154.093 154.242
11 62.49 42.44 42.6 42.6 43.4 173.059 169.998 169.301 173.522
12 68.03 46.16 45.56 47.48 48 145.313 146.018 140.564 142.326
13 73.62 50.92 52.16 51.64 51.88 130.128 128.929 128.502 128.473
14 79.16 52.12 51.64 54 52.64 134.713 133.134 129.326 127.325
15 84.71 51.52 50.32 50.68 51.24 149.278 152.14 155.804 146.301
16 90.33 57.52 55 54.32 57.44 131.732 138.657 141.12 131.694
17 95.87 61.12 59.76 62.32 61.48 113.511 114.856 106.892 105.953
18 101.41 59.52 60.44 61.48 60.88 116.207 109.385 106.731 110.566
19 106.97 65.68 65.12 66.04 67.08 100.265 99.854 97.227 95.366
20 112.58 64.68 63.52 63.96 64.88 105.922 105.662 106.47 104.497
21 118.16 68.48 70.28 68.68 68.52 89.739 90.489 88.96 94.139
22 123.7 70.76 70.84 70.24 70.44 85.033 82.806 89.163 87.097
23 129.28 68.36 69.68 71.48 68.88 97.086 92.545 88.275 93.763
24 134.91 74.84 73.32 73.32 72.12 75.904 80.113 77.961 83.641
25 140.44 73.32 73.64 73.44 75.16 78.496 79.507 81.952 73.878
26 146.08 75.2 75.56 74.88 74.68 73.73 73.027 76.138 72.789
27 151.7 77.12 77.68 77.32 78.24 69.451 67.298 67.473 67.537
28 157.27 74.52 77.68 75.16 76.08 79.666 70.989 75.64 72.714
29 162.82 77.44 78.52 79.28 78.24 70.378 63.781 62.969 65.649
30 168.46 79.8 78.84 80.16 80.48 60.276 65.174 59.263 61.653
31 174.01 79.68 80.96 80.68 79.08 62.574 59.399 60.046 66.389
32 179.5 78.72 76.96 78.6 78.64 68.2 73.194 69.194 66.394
33 185.08 81.64 82.08 80.92 82.12 56.423 56.265 58.399 56.033
34 190.69 81.68 82.24 82.36 81.16 56.512 54.14 54.215 57.863
35 196.27 81.64 81.28 81.6 82.32 58.032 58.755 57.595 56.819
36 201.95 83.48 81.52 82.36 82.84 53.11 58.102 59.261 56.804
37 207.54 84.84 83 82.72 83.2 50.189 57.186 56.197 52.663
38 213.19 84.08 83.44 83.6 84.2 55.147 55.324 52.681 50.386
39 218.76 83.44 83.72 84.4 83.28 53.877 54.041 49.81 54.669
40 224.3 84.88 82.76 84.32 84.68 50.088 56.036 52.286 51.78
41 229.89 83.84 82.76 84.44 83.64 52.457 54.802 53.419 52.751
42 235.37 84.4 84.64 83.84 85.44 55.254 50.908 53.19 49.482
43 240.93 85.72 84.28 83.92 85.68 47.608 51.741 55.871 48.513
44 246.49 84.52 84.88 85.36 84.28 47.909 55.119 49.541 52.956
45 252.11 85.56 85.6 84.04 84.32 49.444 49.402 55.056 52.008
46 257.61 84.48 86.08 84.08 84.12 52.144 45.611 53.746 53.365
47 263.17 83.96 84.92 84.64 85.64 52.857 50.102 54.259 50.04
48 268.72 85.12 85.52 85.52 84.96 53.091 47.399 50.223 50.371
49 274.26 86.48 84.48 85.72 84.32 49.946 51.922 49.695 50.778
50 279.77 85.4 84.44 85.8 84.84 49.131 52.415 49.819 51.11
51 285.34 85.8 85.56 84.72 84.72 47.067 49.791 53.319 50.95
52 290.88 84.48 85.08 85.32 85.8 55.768 50.467 48.69 47.643
53 296.48 84.8 86.04 84.08 85.8 52.329 46.805 53.586 47.977
54 301.98 85.6 86.12 85.2 84.44 49.394 49.903 50.412 50.657
55 307.56 84.92 85.24 84.6 85.08 51.324 50.422 51.035 49.933
56 313.05 85.48 85.72 84.48 84.92 46.837 47.883 55.769 53.008
57 318.61 85.04 84.84 85.44 83.52 50.707 50.216 50.828 55.273
58 324.11 84.8 84.08 84.92 85 51.085 55.802 52.363 49.031
59 329.61 84.96 83.28 84.8 85.16 49.75 56.338 51.593 51.501
60 335.09 84.44 83.16 84.88 84.52 51.462 59.507 54.509 52.302
61 340.56 82.96 84.4 84.56 82.88 58.508 52.823 56.333 57.287
62 346.1 84 82.72 84.04 83.6 54.432 57.978 57.198 57.785
63 351.62 85.08 84.92 83.56 83.4 49.598 51.893 53.284 56.316
64 357.15 84 84.52 83.8 85.44 53.4 51.348 53.247 52.021
65 362.73 84.36 83.4 84.04 81.88 54.688 58.571 55.632 63.214
66 368.3 82.92 83.12 82.92 82.76 61.052 57.445 57.673 63.243
67 374 82.6 82.8 82.52 82.8 62.78 62.556 62.753 60.046
68 379.64 83.44 82.6 84.4 83.88 56.243 57.711 55.415 57.599
69 385.22 82.28 81.8 80.36 82.04 62.553 68.604 67.994 60.418
70 390.75 80.32 80.92 82.6 80.44 61.881 64.001 59.973 62.265
71 396.3 81.64 82.12 82.16 80.68 66.79 62.314 61.297 71.084
72 401.83 80.28 79.16 81.56 79.64 69.638 71.841 65.013 72.265
73 407.45 82.64 82.24 80.6 82.6 59.009 57.67 60.446 60.357
74 413.14 81.56 81.68 82.4 83.08 63.742 65.726 59.575 55.391
75 418.71 81.48 81.76 81.96 83.04 63.697 59.646 66.661 61.056
76 424.22 80.16 80.16 79.2 80 73.86 71.305 73.657 69.123
77 429.9 83.68 82.28 82.88 82.28 56.397 57.975 56.881 64.797
78 435.43 80.96 81.76 82.12 81.32 69.813 63.553 67.093 64.328
79 441.05 83.44 82.64 83.6 82.68 56.678 64.086 55.709 61.22
80 446.58 81.68 80.44 81.08 80.24 67.829 63.227 65.854 67.215
81 452.12 81.04 82.56 82.52 82.52 66.831 62.21 61.228 61.04
82 457.65 83.04 82.36 81.28 81.04 64.136 62.664 66.441 69.147
83 463.17 83.8 81.52 83.44 82.2 55.202 59.506 57.161 62.672
84 468.74 84.04 82 82.92 81.52 54.285 61.248 57.771 61.952
85 474.3 83.2 83 81.24 82.88 59.483 60.739 66.437 62.344
86 479.86 81.08 81.4 81.44 80.6 73.766 72.997 72.043 68.731
87 485.43 82.48 82.32 82.84 82.52 57.741 61.284 64.145 63.509
88 491.01 82.96 83.56 81.16 83.28 61.052 59.454 64.684 63.414
89 496.55 82.96 83.36 83.6 84.16 58.55 59.607 59.513 57.144
90 502.02 84 84.04 84 84.32 58.699 54.279 55.634 54.533
91 507.47 85.2 84.68 85.24 85.72 51.506 55.443 49.87 52.059
92 513.07 84.64 85.28 85.4 84.8 56.625 52.233 56.729 60.244
93 518.74 84.36 84.72 84.84 85.92 56.231 54.24 54.437 51.123
94 524.35 84.52 84.04 84.8 85.08 58.982 57.602 56.671 57.513
95 529.86 85.4 86.28 84.76 84.88 52.201 52.156 54.092 56.603
96 535.42 84.88 83.84 83.84 84.48 61.576 61.455 58.74 59.482
97 540.99 85.04 86.04 86.48 85.08 55.773 50.584 49.954 54.993
98 546.52 85.96 85.84 85.12 85.08 53.303 50.374 53.999 53.499
99 552.05 84.48 83.72 83.6 83.84 57.529 62.14 63.215 60.207
100 557.78 86.28 86.2 85.84 83.36 48.792 50.754 56.501 62.839
101 563.38 84 84.92 84.84 84.88 59.56 55.371 60.315 57.7
102 569 83.96 86.64 85.72 85.84 61.037 51.387 52.678 53.569
103 574.63 85.32 86.16 86.04 84.6 55.517 52.786 53.54 57.844
104 580.23 85.76 84.64 84.08 85.28 55.87 64.656 61.428 60.176
105 585.73 84.52 85.48 85.32 84.52 64.229 57.307 61.311 66.398
106 591.21 86.8 86 85.2 86.44 52.955 52.465 56.182 51.491
107 596.74 83.36 84.84 84.88 84.28 63.125 56.792 60.018 65.137
108 602.24 85.48 85.4 85.16 85.12 59.574 63.324 59.696 64.258
109 607.9 86.44 87.44 85.2 85.76 52.156 49.916 60.592 58.011
110 613.38 87.4 87.08 87.16 83.32 53.746 51.803 53.879 68.18
111 618.95 86.48 87.48 86.68 87.76 55.816 49.755 54.247 49.752
112 624.48 86.64 87.52 88.64 87.16 52.56 50.622 45.721 51.688
113 630.08 86.56 86.76 86.92 84.8 55.854 53.562 58.137 65.571
114 635.57 87.96 88.04 87.44 86.8 51.651 51.379 52.928 53.634
115 641.1 87.84 87 87.68 87.28 53.435 56.121 51.996 51.964
116 646.74 86.72 85.68 87 86.16 62.066 71.77 64.531 68.272
117 652.24 87.08 86.68 86.44 86.84 56.193 56.694 60.381 62.334
118 657.84 87.6 86.4 88.8 87.24 57.365 59.165 50.492 55.589
119 663.35 87.04 86.96 88.56 87.88 60.692 59.374 55.24 54.15
120 668.91 87.8 88.52 87.52 87.56 55.363 50.673 60.231 55.221
121 674.42 88 89.16 88.76 87.8 53.38 51.823 52.346 55.25
122 680.01 87.64 89 88.2 87.76 54.798 50.19 55.194 55.92
123 685.59 88.72 88.76 88.8 87.96 54.997 53.509 54.81 56.061
124 691.18 87.64 89.36 89.48 88.8 60.64 56.139 51.486 53.438
125 696.72 88 89.16 88.12 88.96 59.821 56.747 59.537 55.907
126 702.3 88.56 89.2 88.52 88.56 62.26 49.952 55.757 63.052
127 707.92 88.8 88.56 88.84 88.92 64.122 57.421 59.18 59.529
128 713.56 88.52 89 88.56 89.68 61.164 59.96 59.597 59.019
129 719.09 88.72 88.4 88.8 89.16 58.969 60.392 58.176 65.092
130 724.67 89.72 89.36 88.72 88.92 55.374 66.014 61.919 61.205
131 730.24 88.72 89.32 88.44 88.44 54.057 60.196 64.753 63.708
132 735.82 88.32 89 88.72 87.56 72.876 65.118 62.875 79.488
133 741.42 88.24 89.76 88.92 89.76 64.694 60.587 67.55 50.953
134 747.02 89.08 88.68 88.96 89.16 60.016 69.399 62.184 64.936
135 752.52 90.04 89.72 88.8 89.6 54.472 58.508 61.522 66.657
136 758.03 89.64 89.6 90.04 87.52 56.197 63.438 61.113 69.043
137 763.56 89.24 90.08 88.52 89.76 65.267 55.689 65.729 64.954
138 769.2 89.8 90.88 88.72 88.64 58.385 58.786 69.467 64.012
139 774.74 88.96 91.2 89.52 88.88 66.074 50.089 65.186 70.439
140 780.35 90 90.4 89.4 89.72 64.414 57.527 65.706 61.66
141 785.9 88.68 90.32 89.6 89.76 73.738 57.309 65.829 60.388
142 791.46 90.56 90.48 89.52 88.88 56.413 57.036 64.918 72.619
143 796.94 89.44 90.52 89.68 90.16 61.405 63.315 61.764 59.874
144 802.55 89.24 90.64 90.56 89.68 62.408 56.486 64.298 66.223
145 808.03 90.28 89.96 89.12 90.04 58.918 66.25 62.486 58.536
146 813.61 90.24 90.36 89.48 89.92 59.833 58.224 68.441 64.305
147 819.21 89.64 89.68 90.52 90 65.922 67.796 56.863 60.861
148 824.79 89.36 90.52 90.44 89.56 65.808 57.577 57.953 67.699
149 830.43 88.56 90.64 90.12 90.28 68.856 57.587 59.794 63.044
150 835.99 90.12 90.04 89.8 89.56 62.79 61.977 59.92 65.007
151 841.58 90.96 89.72 88.28 90.76 57.519 65.856 70.188 54.98
152 847.12 90.32 89.32 90.08 90.24 62.046 68.534 59.234 60.61
153 852.68 90.12 89.92 88.56 91.12 60.591 63.41 67.738 54.574
154 858.28 89.4 89.32 90.72 90.04 62.433 67.079 56.852 60.644
155 863.86 89.6 90.24 89.04 90.88 65.007 57.148 66.26 57.114
156 869.38 89.6 89.48 90.16 90.08 64.276 65.624 61.868 62.522
157 874.89 89.28 89.68 90.36 90.28 67.871 67.95 59.107 56.634
158 880.48 91.76 88.8 89.08 89.28 49.279 71.041 69.69 63.56
159 885.97 90.8 89.64 89.72 88.48 58.157 65.437 60.808 71.092
160 891.47 88.32 89.72 90.4 90.4 71.093 63.57 59.481 62.364
161 897.02 90.04 89.92 89.36 89.92 57.224 63.549 67.114 66.09
162 902.63 89.8 90.04 88.76 90.12 58.524 61.014 74.14 63.499
163 908.18 89.64 89.48 89.88 89.84 67.721 69.583 64.519 60.891
164 913.76 89.92 89.64 89.8 89.36 65.652 65.321 65.989 68.398
165 919.26 89.32 89.16 89.12 90.36 72.431 73.49 60.671 57.716
166 924.8 90.04 88.92 89.04 89.6 60.928 69.231 67.977 64.334
167 930.31 88.6 90.12 89.88 89.64 76.647 69.381 62.262 66.578
168 935.85 89.28 89.6 89.96 89.04 74.701 65.469 70.92 70.071
169 941.4 88.84 90.68 89.52 89.12 71.883 61.405 71.812 68.137
170 946.93 89.12 89.4 89.04 89.68 75.261 72.255 65.09 65.643
171 952.52 90.2 88.64 89.84 88.84 62.141 76.243 65.272 73.629
172 958.12 89.28 89.08 87.52 89.6 72.348 73.586 83.649 67.397
173 963.66 89.6 89.08 89.12 88.24 65.517 66.224 68.778 74.803
174 969.35 88.04 89.2 89.76 88.6 76.947 68.821 62.186 70.268
175 974.9 88.44 88.72 88.64 88.04 76.978 71.951 69.595 75.955
176 980.42 88.52 89.04 87.8 88.12 65.728 73.236 70.768 66.474
177 985.98 87.92 88.12 87.88 87.96 77.324 70.4 75.105 68.508
178 991.56 88.24 88.44 87.64 88.44 68.401 63.93 70.883 70.731
179 997.09 88.28 88.52 88.44 87.92 65.322 64.089 58.631 65.257
180 1002.71 88.24 88.36 87.56 87.68 66.545 70.67 71.979 70.894
181 1008.27 88.4 87.96 87.44 88.76 58.12 65.115 70.719 59.733
182 1013.84 86.52 85.88 86.84 86.56 75.296 87.04 80.212 83.352
183 1019.38 87.28 85.84 87.96 86.76 62.814 70.586 59.595 68.236
184 1024.98 89.04 87.4 87.44 86.4 58.198 63.923 66.073 67.698
185 1030.5 86.32 87.28 87.4 87.2 65.637 65.141 65.177 63.312
186 1036.09 88.16 86.2 86.24 86.76 59.453 65.45 64.772 64.785
187 1041.62 87.28 87.6 86.68 87.56 61.571 63.494 69.775 68.688
188 1047.15 87.12 86.96 86.44 86 65.301 67.971 68.03 71.955
189 1052.74 87.12 86.96 87.64 87.04 63.891 63.924 58.029 61.589
190 1058.34 87.2 87.08 86.16 87.28 71.233 68.896 67.589 69.147
191 1063.89 87.56 86.8 88.56 87.76 54.931 65.205 55.861 57.098
192 1069.39 86.88 87.24 88.32 87.52 58.31 61.357 53.731 57.17
193 1074.91 87.68 88.16 87.2 87.6 66.54 60.044 66.921 62.657
194 1080.47 86.92 88.4 87.32 87.52 62.404 60.424 60.477 58.482
195 1086.05 87.24 87.12 87.08 87.56 60.131 59.745 64.745 60.563
196 1091.6 88.2 86.68 87.04 88.08 54.016 59.739 60.281 52.572
197 1097.12 88.32 87.88 87.8 88.32 57.794 57.974 61.027 58.123
198 1102.7 87.96 87.28 88.36 88.56 60.109 63.55 56.184 58.622
199 1108.22 88.76 86.92 86.96 87 58.736 68.676 66.607 65.289
200 1113.77 87.08 86.2 86.4 87.56 61.803 71.44 64.27 60.139
201 1119.31 86.08 85 87.32 85.76 72.904 76.588 59.698 69.917
202 1124.85 86.4 86.92 87.32 87.44 62.652 68.603 60.548 66.918
203 1130.43 86.32 87.84 85.8 85.68 68.006 60.346 66.933 67.505
204 1135.99 85.92 87.76 86.76 85.96 67.92 60.29 64.511 70.395
205 1141.5 88.88 89.36 87.64 88.04 58.221 54.763 61.712 58.806
206 1147.09 87.76 88.32 87.28 86.28 58.748 64.313 69.647 66.482
207 1152.6 87.68 88.84 88.16 88.04 62.772 57.026 59.454 57.968
208 1158.25 87.24 87.24 87.28 87.24 65.991 58.383 60.6 58.928
209 1163.75 88 88.76 88.4 88.76 66.848 58.069 63.107 53.544
210 1169.36 89.04 88 88.08 88.88 59.048 66.77 59.54 58.419
211 1174.92 87.88 88.12 88.32 88.64 55.449 59.737 61.587 59.781
212 1180.53 88.28 87.28 87.32 88.84 62.704 67.467 64.535 59.635
213 1186.02 89.36 87.64 88.76 87.64 62.595 67.514 61.465 68.472
214 1191.56 88.08 88.56 87.56 88.36 62.372 61.96 66.627 66.796
215 1197.07 88 88.12 88.84 88.04 63.72 60.005 61.747 63.994
216 1202.62 87.92 89.12 88.32 88.72 69.367 59.447 63.779 67.819
217 1208.11 88.2 88.76 90.48 88.4 63.444 60.542 57.272 69.352
218 1213.76 88.56 89.2 89.2 87.24 62.466 59.908 60.275 71.411
219 1219.26 89.4 89.08 89.24 89.48 57.733 61.406 63.82 64.651
220 1224.89 90.16 89.28 89.24 88.8 58.39 61.317 64.504 65.302
221 1230.41 89.64 89.12 88.72 89.28 61.598 61.361 63.145 59.545
222 1235.97 88.6 90.2 88.64 89 67.347 60.587 65.919 67.205
223 1241.49 89.2 89.44 89.64 89.48 62.016 63.37 63.049 65.247
224 1247.08 89.48 90.44 89.64 89.2 71.548 60.436 66.382 63.389
225 1252.69 90.12 88.4 92.32 89.24 65.464 73.111 51.457 66.818
226 1258.27 90.2 90.72 89.76 88.72 67.509 58.01 58.831 69.465
227 1263.81 90.72 89.6 88.84 89.2 56.008 64.079 74.928 76.143
228 1269.37 89.68 90 90.44 89.6 69.122 60.483 63.314 67.958
229 1274.99 90.88 90.8 90.16 88.52 62.115 60.865 66.759 76.461
230 1280.54 89.72 89.92 89.44 89.96 64.48 66.921 68.52 65.399
231 1286.05 90.28 90.44 89.48 89.2 64.889 61.721 65.148 68.558
232 1291.57 90.36 89.84 91.32 89 62.088 64.548 65.249 73.126
233 1297.25 90 90.52 90.04 89.96 61.291 60.922 63.37 70.583
234 1302.72 89.84 89.2 90.28 90.72 65.774 73.151 61.101 60.924
235 1308.26 90.64 89.88 90.24 90.04 60.518 67.688 59.652 65.673
236 1313.76 89.76 90.72 90.08 90.84 63.46 60.358 67.447 60.455
237 1319.3 90.4 89.92 89.64 90.8 64.216 62.77 68.696 61.681
238 1324.8 91.08 89.84 89.76 90.68 63.812 72.074 59.857 61.215
239 1330.36 90.08 90.92 90.48 89.36 64.028 63.655 61.557 68.495
240 1336.02 89.48 90.96 90.76 90.44 68.758 60.399 58.858 71.465
241 1341.58 90.52 90.52 90 90.44 61.368 62.815 65.63 66.021
242 1347.33 89.52 90.28 90.36 90.88 74.827 64.836 61.611 59.313
243 1352.8 90.8 90.32 90.64 89.96 60.815 68.572 58.737 68.822
244 1358.41 89.76 90.76 90.88 90.12 68.822 58.156 58.931 72.957
245 1364 89.92 90.24 90.56 90.8 67.663 66.452 64.734 58.458
246 1369.7 89.96 90.24 90.84 90.52 65.24 68.714 62.188 62.137
247 1375.26 91.12 89.88 90.32 90.12 63.024 65.57 68.004 63.784
248 1380.8 90.28 89.88 90.8 90.56 65.923 66.771 61.273 64.501
249 1386.35 89.92 91.08 89.16 91.28 68.346 60.705 75.871 55.123
250 1391.88 90.32 89.8 90.36 91.2 66.34 65.394 69.653 60.116
251 1397.42 90 90.84 90.44 90 68.707 57.939 64.782 66.482
252 1402.99 91.44 89.88 89.92 90.12 56.035 70.083 68.696 67.506
253 1408.55 90.92 90.6 89.84 90.2 61.264 62.044 66.265 68.064
254 1414.15 90.16 89.92 91.44 90.4 66.383 66.251 62.174 65.118
255 1419.65 90.48 90.56 90.52 89.92 64.087 58.84 67.16 69.693
256 1425.23 89.92 90.56 91.12 90.08 63.727 68.311 60.974 68.444
257 1430.79 90.2 90 90.4 90.48 66.146 67.752 68.051 58.83
258 1436.3 90.48 90.68 90.2 90.2 65 63.22 60.628 69.15
259 1441.96 91.44 89.72 90.56 89.96 55.905 69.417 70.371 65.951
260 1447.57 90.72 90.36 89.8 90.8 63.826 68.253 67.478 60.97
261 1453.08 91.16 90.64 89.12 90.8 59.193 66.628 74.593 60.124
262 1458.72 90.68 91.08 89.8 90.08 66.373 58.236 65.989 68.833
263 1464.32 89.44 89.4 90.84 91.16 68.632 73.437 59.586 62.983
264 1469.92 90.68 89.32 90.96 90.8 63.428 74.204 65.774 59.423
265 1475.51 90.08 90.24 91.52 89.64 69.267 70.428 56 72.98
266 1481.11 91.56 90.32 90.48 89 54.495 70.434 66.627 78.032
267 1486.63 90.8 91.24 89.72 89.72 61.706 60.434 74.047 73.437
268 1492.12 90.12 90.72 90.36 90.84 72.206 68.431 66.151 63.724
269 1497.64 90 90.64 90.16 90.64 68.523 67.46 64.782 69.26
270 1503.16 91.04 90.56 89.72 89.4 58.954 66.289 70.477 80.073
271 1508.68 89.88 89.88 89.52 90.44 72.729 70.782 70.061 70.272
272 1514.18 90.32 90.84 88.88 91 68.634 63.039 80 62.248
273 1519.77 89.28 90.52 91 89.68 74.483 62.969 68.836 70.713
274 1525.28 91.08 88.92 90.36 89.36 65.1 75.915 70.28 79.215
275 1530.78 90.6 89.76 88.68 90.44 66.043 74.739 77.625 71.083
276 1536.33 89.12 89.44 89.84 89.12 79.97 68.495 73.938 81.934
277 1541.86 90.04 89.44 90.2 89.24 78.66 75.275 71.741 74.145
278 1547.45 88.72 90.68 90.28 89.32 78.747 67.343 70.195 76.143
279 1553.06 88.72 88.76 88.4 89.28 77.743 77.172 78.913 70.393
280 1558.63 88.52 88.84 88.76 88.76 74.946 75.98 75.888 77.595
281 1564.19 89.32 88.6 89.08 89.72 68.275 67.245 75.889 66.113
282 1569.73 89.92 88.92 88.16 89.24 63.786 70.832 74.887 71.235
283 1575.28 88.96 89.24 89.56 88.2 68.063 69.93 59.96 76.449
284 1580.84 88.56 88.24 89.36 89.24 71.401 70.8 67.847 69.01
285 1586.5 86.16 88.44 87.12 88.56 89.395 70.364 82.194 67.18
286 1592.06 87.96 86.96 86.6 88 77.033 78.12 79.439 70.556
287 1597.55 88.8 88.48 87.68 88.84 63.423 62.973 70.058 65.925
288 1603.18 87.72 88.84 87.72 86.84 66.635 60.041 75.996 69.281
289 1608.72 87.52 89.32 89.08 87.76 68.335 55.879 58.446 68.502
290 1614.35 87.6 86.96 88.92 88.96 70.127 76.077 63.603 63.378
291 1619.89 87.44 88.48 89.36 88.16 74.255 71.276 58.009 70.264
292 1625.44 87.6 88.76 87.52 87.8 76.765 68.938 68.333 70.276
293 1630.95 87.76 88.8 88.84 87.72 64.495 61.033 67.043 71.632
294 1636.47 87.08 87.32 87.64 86.56 74.112 75.882 70.239 77.036
295 1642.05 88.44 86.76 87.96 88.16 57.464 69.922 58.736 59.902
296 1647.57 87.96 87.88 86.96 87.8 65.286 61.85 72.787 60.512
297 1653.09 88.16 86.68 87.96 87.8 65.902 70.663 60.749 63.049
298 1658.62 88.96 88.84 87.92 88.4 61.571 64.548 73.234 64.251
299 1664.23 87.68 89.36 88.56 88.6 64.274 56.794 65.127 58.751
300 1669.73 87.72 87.12 87.48 87.08 69.422 77.624 69.981 79.744
301 1675.4 88.52 87.92 88.6 88.72 60.931 61.318 66.076 60.537
302 1680.97 87.24 88.2 89 87.72 73.534 66.21 60.821 70.213
303 1686.47 88.08 87.92 87.72 87.56 66.186 74.643 69.972 68.324
304 1691.95 87.44 88.32 89.52 90.08 59.887 55.549 57.842 51.914
305 1697.44 88.32 88.16 89.04 88.92 62.773 64.918 56.513 62.117
306 1702.98 89.24 89 88.2 89.2 59.22 65.707 63.36 59.964
307 1708.5 89.76 87.68 88.96 88.04 61.109 66.539 56.989 68.409
308 1714.08 89.44 89.36 89.28 89.56 54.976 60.777 58.581 60.267
309 1719.67 87.52 90.44 87.76 89 68.497 58.854 66.736 62.838
310 1725.2 90.08 88.2 90 90.36 55.261 69.334 53.975 54.421
311 1730.77 88.24 88.36 88.68 89.72 65.929 69.383 61.498 60.702
312 1736.32 87.68 89.76 89.4 89.28 77.223 60.651 58.442 67.925
313 1741.85 89.6 89.24 88.68 89.44 66.056 65.622 73.047 63.731
314 1747.35 89.4 89.16 89.16 89.44 65.48 61.097 58.357 63.73
315 1752.89 87.84 87.92 87.52 87.68 73.563 68.616 81.173 76.108
316 1758.39 89.52 89.24 89.48 88.8 68.355 69.073 68.75 67.003
317 1763.96 88.6 89.24 90.48 88.32 69.941 66.82 60.503 71.067
318 1769.57 89.76 89.36 89.08 89.64 62.796 66.088 70.756 58.582
319 1775.1 89.24 89.36 90 88.52 64.384 70.544 62.969 71.527
320 1780.71 89.64 89.32 89.88 90.28 66.719 69.506 56.664 63.637
321 1786.29 89.32 88.8 89.6 89.6 71.602 74.674 63.907 73.578
322 1791.83 90.2 89.96 90.96 88.68 67.587 61.367 61.275 71.207
323 1797.44 89.52 88.92 90.44 90.2 68.27 72.537 61.48 59.91
324 1802.94 90.56 90.36 90.36 89.88 64.196 65.988 64.246 67.196
325 1808.46 89.88 89.16 90.92 89.6 67.378 73.219 55.072 66.137
326 1813.92 90.48 89.76 90.32 89.24 66.493 68.667 70.397 67.509
327 1819.48 91.04 89.44 89.96 89.6 64.35 70.827 67.771 69.068
328 1825.11 90.12 89.56 89.8 89.76 68.193 67.19 69.026 71.28
329 1830.66 90.12 89.84 90.28 90.16 68.069 64.736 69.762 68.294
330 1836.19 89.88 90.2 89.68 90.36 70.944 66.019 73.75 64.156
331 1841.74 91.2 89.08 89.64 90.48 59.251 75.91 75.087 70.228
332 1847.33 90.08 90.52 90.4 90.88 76.958 64.435 68.945 67.712
333 1852.91 89.96 91.24 90.84 89.64 72.87 65.729 63.629 77.821
334 1858.43 90.16 89.92 90.64 90.96 66.878 74.794 70.922 67.404
335 1863.96 91 90.16 90.48 90.24 68.531 77.713 68.365 61.447
336 1869.46 89.6 89.8 90.8 91.04 74.742 76.568 62.955 66.388
337 1874.98 90.24 90.64 89.76 90.56 75.592 62.873 74.246 66.017
338 1880.57 90.28 90.4 91.04 89.64 72.575 65.526 69.28 75.821
339 1886.07 90.24 90.48 90.2 91.4 72.13 70.932 70.725 66.524
340 1891.7 90.36 90.64 90.36 90.4 70.421 68.161 72.049 69.345
341 1897.31 89.84 90.6 90.88 90.52 70.583 70.421 62.407 72.226
342 1902.8 90.24 90.88 90.84 90.44 70.452 69.134 60.164 76.396
343 1908.36 90.44 89.52 91.4 91.08 68.459 81.62 64.591 62.91
344 1913.93 90.6 90.36 89.92 91.2 64.267 71.165 77.301 66.376
345 1919.5 90.84 91.08 90.4 90.12 70.576 65.676 70.28 76.307
346 1925.02 90.04 91.04 90.84 90.24 72.281 67.757 68.247 70.439
347 1930.55 90.6 91.44 90.2 90.52 70.733 64.284 75.783 65.654
348 1936.08 90.4 90 91.44 90.4 68.859 76.105 61.506 69.86
349 1941.64 91.16 90.76 89.8 90.56 71.455 68.061 70.801 65.559
350 1947.2 90.64 90.6 90.56 90.24 74.245 68.764 66.586 66.771
351 1952.82 89.76 91.08 91.28 90.24 72.781 69.288 66.975 69.285
352 1958.29 91.28 90.76 90.08 90.16 62.042 69.017 73.727 72.063
353 1963.8 90.64 90.4 90.8 90.56 67.079 71.785 70.212 68.618
354 1969.35 90.44 90.36 90.16 91.48 74.654 66.56 71.334 64.252
355 1974.89 90.32 90.6 90.52 90.92 64.622 72.528 76.374 60.9
356 1980.52 90.64 89.8 90.56 91.2 70.582 72.067 67.506 63.302
357 1986.01 90.28 90.56 90.8 90.56 74.258 72.605 68.227 63.407
358 1991.59 90.52 90.88 89.76 91.08 67.705 67.174 79.151 64.765
359 1997.19 90.04 90.16 91.12 90.92 73.278 69.657 62.146 71.496
360 2002.81 90.72 89.4 91.16 90.8 74.131 77.419 62.438 66.921
361 2008.38 91.52 90.52 89.96 90.8 61.753 77.224 74.805 66.8
362 2013.88 91.2 89.28 89.92 92.4 70.301 88.825 65.523 56.151
363 2019.45 90.2 90.72 90.6 90.96 70.832 74.742 65.978 66.058
364 2025.04 90 90.04 90.84 91.12 77.006 70.678 65.723 66.138
365 2030.55 90.04 90.64 90.64 91.12 74.622 69.791 63.629 65.637
366 2036.1 91.04 89.6 90.68 90.16 63.266 74.917 70.006 72.908
367 2041.71 90.64 90.36 90.2 90.72 68.229 68.088 76.303 66.903
368 2047.2 90.2 91 91.28 89.6 71.417 68.775 61.047 79.86
369 2052.76 90.88 91.52 90.84 89.4 67.037 67.147 70.572 76.616
370 2058.36 90.4 90.32 90.56 91.2 65.802 71.136 75.876 73.398
371 2063.97 90.76 90.12 90.44 90.8 68.593 73.828 72.059 70.48
372 2069.5 90.44 90.2 90.56 90.36 71.095 75.292 65.604 69.836
373 2075.01 90.6 90.92 89.72 90.68 67.369 68.848 79.809 71.088
374 2080.47 90.68 90.24 90 90.52 72.642 76.496 74.555 73.815
375 2086.06 88.88 90.6 90.48 90.84 81.178 74.044 70.155 68.836
376 2091.65 90.52 90.4 89.24 90.36 69.525 65.681 84.555 77.845
377 2097.16 90.16 90.48 88.96 90.04 78.502 66.847 81.856 77.702
378 2102.78 89.88 89.56 89.2 89.6 81.337 76.536 84.426 79.363
379 2108.42 89.16 89.56 89.72 90 84.48 76.425 78.501 74.414
380 2114 89.52 89.68 89.28 89.36 77.297 71.434 80.051 74.301
381 2119.57 89.44 90.44 90 89 77.163 62.644 74.243 83.226
382 2125.1 90.08 89.68 89.96 88.36 72.674 74.367 73.222 72.6
383 2130.65 88.12 87.76 89.16 88.72 84.604 79.868 77.586 77.348
384 2136.14 88.72 89.76 88.68 88.52 72.95 66.517 71.22 73.905
385 2141.72 88.68 88.48 87.4 88.6 69.585 67.983 80.33 66.864
386 2147.25 90.32 88.64 89.88 89.52 57.695 71.694 67.272 67.921
387 2152.75 87.76 88.72 89.76 88.32 82.775 74.02 67.339 75.444
388 2158.29 88.48 88.08 88.24 86.6 72.331 72.425 67.07 85.792
389 2163.86 87.32 88.64 86.92 87.88 75.682 75.829 80.065 78.951
390 2169.38 88.32 88.44 89.28 89.68 74.124 67.003 64.236 52.56
391 2174.89 88.64 89.24 88.16 89.96 66.532 62.453 65.447 61.943
392 2180.52 89.84 88.76 88.4 89.08 61.011 66.445 63.348 64.092
393 2186.1 87.2 88.32 87.84 87.8 73.656 64.999 68.227 70.814
394 2191.66 87.88 87.96 88.16 88.24 69.511 67.368 64.536 63.066
395 2197.18 88.16 90.4 87.88 87.88 61.296 52.552 71.269 63.561
396 2202.7 87.76 88.4 89.16 89.32 68.722 62.707 55.811 55.976
397 2208.25 86.84 87.92 87.84 87.28 79.386 77.918 68.707 81.318
398 2213.71 88.56 87.96 88.72 88.48 63.953 67.161 62.206 62.294
399 2219.21 89.24 88.6 88.04 88.76 65.138 68.751 73.319 63.657
400 2224.87 87.88 87.04 88.76 87.52 73.76 71.926 73.381 70.839
401 2230.45 88.56 89.08 87.12 88.68 66.441 60.722 76.928 68.12
402 2236.02 87.88 87.68 88.64 88.48 64.557 71.114 63.035 62.057
403 2241.65 89.76 89.04 89.24 88.8 52.969 63.283 58.732 58.84
404 2247.11 88.36 88.64 89.12 89 60.734 63.265 59.154 62.843
405 2252.71 89.44 89.44 87.72 88.52 58.919 57.564 67.586 69.286
406 2258.27 89 89.4 89.44 89.16 57.403 58.292 57.723 56.446
407 2263.78 89.24 89.32 89.48 89.04 55.089 60.878 63.635 66.886
408 2269.39 88.68 89.68 88.88 89.12 63.411 59.528 61.128 65.588
409 2274.87 88.76 89.8 88.72 90 62.546 55.883 61.808 56.181
410 2280.45 88.92 87.8 88.4 89.56 72.673 75.835 67.598 66.26
411 2286.08 90.36 88.84 89.52 89.24 57.028 60.666 65.284 62.331
412 2291.68 89.04 89.6 90.16 89.32 61.876 59.944 57.889 60.012
413 2297.3 87.84 89.16 87.72 88.52 73.666 65.936 69.261 72.684
414 2302.79 89.36 89.6 90.04 90.12 69.55 59.451 60.421 58.526
415 2308.37 88.6 90.2 89 89.68 68.58 58.513 66.538 68.121
416 2313.88 89.8 89.44 89.8 89.88 65.353 67.102 62.091 64.472
417 2319.47 89.8 89.28 89.24 90.04 57.939 65.152 63.862 65.139
418 2325.02 89.32 91 90.28 88.92 64.017 54.697 58.795 65.69
419 2330.62 89.2 90.84 89.48 89.04 67.376 58.28 62.038 64.025
420 2336.25 90.28 90.12 89.64 91.6 67.39 63.344 67.072 52.584
421 2341.77 89.12 89.4 89.24 91.28 73.113 70.445 74.952 56.997
422 2347.31 90.76 89.4 89.32 91.24 61.258 70.311 71.364 59.216
423 2352.85 90.24 90.92 89.96 89.6 61.762 62.805 68.503 71.532
424 2358.39 89.76 89.84 89.8 90.52 72.18 67.729 67.137 66.012
425 2363.92 90.68 89.68 90.52 90.52 60.155 71.226 60.296 66.932
426 2369.53 90.04 91.16 90.84 90.36 70.861 59.235 65.418 64.021
427 2375.02 90.76 90.84 91.16 90.52 66.43 63.905 58.915 67.091
428 2380.66 90.56 90.48 90.96 91.04 67.417 66.248 55.031 67.084
429 2386.2 90.48 90.96 90.24 90.32 67.986 61.633 68.495 62.206
430 2391.81 90.96 90.92 91.96 91.12 67.622 63.034 56.175 63.394
431 2397.32 91.84 90.96 91.24 90.68 55.7 63.895 63.538 66.408
432 2403.01 90.88 91.36 90.92 90.76 66.431 60.762 63.01 65.809
433 2408.51 90.2 91.92 90.52 90.72 71.175 58.18 67.304 64.457
434 2414.03 91.84 90.8 90.32 90.88 56.492 68.686 73.222 59.059
435 2419.59 92 90.52 90.36 91.48 54.582 68.153 72.252 59.989
436 2425.07 91 90.04 90.8 91.92 65.149 72.01 66.703 56.387
437 2430.7 90.44 91.04 90.88 91.92 65.811 68.929 62.184 59.137
438 2436.23 91.04 91.36 91.04 91.16 65.66 61.683 64.623 63.322
439 2441.78 90.44 90.96 91.16 91.68 65.166 66.977 60.143 61.847
440 2447.37 91.04 91.48 90.48 91.48 62.493 61.808 69.129 60.166
441 2452.93 91.04 91.32 90.36 91.76 63.409 66.239 68.546 60.872
442 2458.47 90.96 91.08 91.2 90.88 67.614 59.154 62.552 64.152
443 2464.02 90.4 91.24 91.4 91.2 74.59 60.299 61.554 60.219
444 2469.55 90.84 91.12 91.4 91.68 69.45 60.746 61.967 62.165
445 2475.09 91.04 91.4 91.68 90.64 64.016 62.222 64.606 66.805
446 2480.67 91.36 92 90.56 91.08 62.582 57.033 71.32 66.255
447 2486.18 92.08 91.32 90.44 90.6 55.874 67.897 70.671 63.056
448 2491.76 90.88 91.44 91.04 91.16 67.309 63.067 58.132 69.969
449 2497.28 91.28 91 91.48 90.72 59.705 66.827 60.813 71.105
450 2502.81 90.2 91.92 90.8 91.44 70.362 56.744 66.718 64.033
451 2508.45 91.2 91.36 91.32 90.84 68.133 64.823 67.133 58.304
452 2514 91.16 91.84 90.48 91.04 57.985 60.237 70.445 68.02
453 2519.49 91.04 91.08 90.68 91.2 66.648 63.318 66.755 60.656
454 2525.01 90.88 90.64 91.32 91.84 70.508 66.136 65.032 56.09
455 2530.58 90.08 91.56 92.28 91.16 75.72 55.877 53.433 68.903
456 2536.22 90.64 90.36 90.68 92.48 62.891 67.844 70.482 56.226
457 2541.85 91.28 91.44 91.52 90.64 62.675 60.831 61.668 70.219
458 2547.38 91.52 91 90.68 91.2 62.091 68.94 64.515 61.861
459 2552.97 91.64 91.16 91.84 90.48 63.498 66.077 59.528 63.935
460 2558.57 91.52 90.52 91.8 90.68 61.839 71.858 60.907 59.942
461 2564.18 90.8 91.64 90.12 92.12 67.74 58.265 71.165 60.84
462 2569.73 90.88 90.84 91.56 91.2 64.965 64.274 60.923 67.01
463 2575.2 91.2 90.88 91.52 90.92 63.002 64.325 60.689 66.767
464 2580.85 91.36 91.24 91.48 90.68 62.807 63.238 69.933 64.548
465 2586.4 91.36 91.32 91.32 90.56 70.075 61.208 62.832 69.294
466 2592.03 90.08 91.88 90.76 91.6 69.226 60.011 73.041 58.266
467 2597.54 91.48 91.08 91.64 89.88 54.825 68.303 58.296 77.808
468 2603.13 90.2 91.4 91.32 91.8 73.641 65.911 65.594 56.423
469 2608.69 92.4 91.96 90.68 89.96 57.127 60.918 67.667 75.531
470 2614.26 90.72 91.52 91.72 90.12 66.079 59.192 64.48 79.139
471 2619.76 90.88 91.48 90.84 91.48 63.37 70.093 64.655 67.51
472 2625.31 91.2 90.44 92 90.4 62.118 75.425 62.106 69.494
473 2630.92 91.24 90.56 91 90.72 65.166 67.447 69.7 66.746
474 2636.46 90.28 91.4 91.24 91.44 72.187 71.348 65.827 62.986
475 2642.05 90.52 91.36 90.64 90.84 66.403 66.46 74.153 70.867
476 2647.54 90.68 90.8 92 90.64 70.59 74.245 57.359 72.101
477 2653.12 91 89.64 91.08 90.52 63.223 78.006 68.903 68.973
478 2658.69 89.84 91 90.76 90.52 74.857 70.285 66.606 71.041
479 2664.24 91.8 90.12 89.92 91.8 60.777 76.913 71.65 66.463
480 2669.8 91.96 89.88 90.28 89.52 56.911 78.949 70.955 81.002
481 2675.33 89.28 90.4 90.24 90.32 79.257 79.16 76.534 66.701
482 2680.93 89.96 89.88 90.28 89.28 73.799 75.449 71.809 76.133
483 2686.47 89 89.72 89.24 89.32 75.202 68.59 79.079 78.146
484 2692 89.24 89 89.8 88.76 73.042 79.477 74.105 79.442
485 2697.57 88.56 89.56 90.2 87.24 70.087 68.159 63.521 83.421
486 2703.19 89.32 88.72 88.64 88.52 70.464 72.833 63.587 71.862
487 2708.7 87.96 87.96 89.44 88.76 74.221 74.956 67.345 78.492
488 2714.22 89.44 89.6 90.6 89.2 61.459 61.919 56.641 63.252
489 2719.75 88.76 89.48 89 89.68 71.775 65.921 66.295 66.136
490 2725.28 89 89.88 89.12 89.16 67.624 62.73 65.433 70.704
491 2730.87 89.28 88.6 89.84 88.52 60.731 61.125 55.462 67.135
492 2736.48 87.76 86.84 88.04 86.68 79.34 81.824 73.766 78.646
493 2742.04 88.24 87.76 88.52 86.32 70.748 69.835 68.083 76.224
494 2747.63 88.36 87.56 88 89.56 65.583 69.343 70.326 59
495 2753.17 88.6 87.8 88.8 88.36 68.143 70.383 70.307 68.142
496 2758.76 89.24 89.16 88.64 88.88 61.037 61.594 67.194 65.215
497 2764.38 87.4 89.68 87.8 89.76 74.587 56.675 67.373 57.429
498 2769.86 88.72 88.6 88.52 88.32 63.899 60.11 66.135 72.201
499 2775.39 87.76 87.56 87.96 88.6 69.858 75.152 70.4 69.579
500 2780.97 88.76 88.88 89.32 90.16 63.888 63.452 57.259 58.79
501 2786.6 86.2 87.8 87 87.48 80.32 64.821 71.921 70.095
502 2792.13 88.28 88.08 89.4 88.44 68.983 69.211 58.43 66.334
503 2797.7 89.4 90.12 88.32 88.6 58.828 57.128 68.408 61.338
504 2803.17 89.4 89.08 87.68 88 58.914 62.54 64.859 62.273
505 2808.73 87.64 90.52 89.56 89.4 65.457 51.111 58.963 59.212
506 2814.27 89.12 89.28 89.8 90.8 60.937 61.587 54.526 58.166
507 2819.73 88.48 88.88 88.72 89.96 63.292 68.743 64.319 56.442
508 2825.26 88.4 90.12 89.92 89.52 69.187 56.403 62.159 59.925
509 2830.82 89.44 89.52 90.16 89.16 63.162 61.352 58.768 62.604
510 2836.4 89.16 90.2 88.72 88.04 59.318 51.886 61.649 74.512
511 2841.96 89.68 90.08 90.16 88.84 59.184 64.928 56.423 63.908
512 2847.53 89.96 89.64 90.32 89.56 60.075 59.402 58.979 62.163
513 2853.13 90.04 89.68 90.28 88.64 58.287 62.572 58.664 65.222
514 2858.76 90.2 90.32 88.88 89.8 60.551 58.137 64.526 57.242
515 2864.26 90.56 88.76 89.68 90.28 53.886 65.935 63.593 59.079
516 2869.78 90.04 89.64 91.4 89.88 57.251 58.534 54.907 58.456
517 2875.35 89.2 90.32 90.12 89.16 67.94 57.948 62.569 63.76
518 2880.97 89.56 90.84 89.76 90.52 66.919 55.199 63.373 59.786
519 2886.56 91.16 89.68 89.04 89.88 60.827 63.652 67.464 62.3
520 2892.1 90.56 90.08 89.92 90.52 66.617 61.812 62.791 54.644
521 2897.69 89.68 90.4 90.88 89.44 62.491 65.744 55.532 71.83
522 2903.25 90.92 90.28 90.76 88.8 56.004 58.908 59.625 73.748
523 2908.75 89.88 89.48 90.24 90.92 60.607 73.586 63.709 60.382
524 2914.32 90.8 90.16 90.24 90.2 58.348 66.813 62.975 64.104
525 2919.96 90.88 90.44 89.84 90.8 56.834 61.959 63.862 66.643
526 2925.44 90.16 90.28 89.96 91.64 65.756 69.814 67.661 52.585
527 2930.95 90.56 90.72 90 91.72 62.339 61.781 67.05 54.272
528 2936.53 90.96 90.88 90.2 90.76 62.103 60.349 65.734 67.571
529 2942.06 91.24 90.64 90.96 90.96 56.06 61.249 65.899 60.631
530 2947.67 91.88 90.24 90.16 91.36 53.218 63.461 68.073 64.687
531 2953.23 89.96 92.28 91.52 90.36 68.435 55.415 57.935 67.751
532 2958.77 91.24 90.48 92.48 90.28 58.59 66.731 52.571 67.737
533 2964.42 91 91.16 91.16 90.96 62.676 64.971 56.464 63.082
534 2969.98 91.92 91.12 91.28 89.88 57.572 60.55 59.63 68.551
535 2975.62 91.36 92.04 90.12 90.8 60.065 55 69.565 61.833
536 2981.21 91.16 90.64 91.08 91.12 61.029 67.755 60.976 65.789
537 2986.79 91.24 91.32 90.76 90.64 63.768 56.316 64.812 69.835
538 2992.37 91.2 90.28 91.72 91.08 62.518 69.196 61.152 58.92
539 2997.9 91.24 91.84 89.84 90.84 62.754 60.944 67.327 57.537
540 3003.52 90.88 91.64 90.92 90.64 63.157 58.828 60.67 67.602
541 3009.02 91.56 90.2 90.84 91.48 56.447 68.157 70.371 58.121
542 3014.59 90.56 90.76 91.56 91.36 65.065 58.316 66.233 61.981
543 3020.13 91.44 90.4 90.76 91.84 58.201 68.777 61.562 60.055
544 3025.71 90.96 90.76 90.44 91.96 61.144 68.77 64.375 57.091
545 3031.31 90.24 92.12 91.04 90.84 66.717 59.479 66.198 60.206
546 3036.9 90.92 90.8 91.56 91.16 64.586 61.407 63.291 62.289
547 3042.45 90.36 91.6 91.08 91.72 60.811 60.202 62.378 61.926
548 3047.91 90.72 90.72 91.76 91.2 64.942 64.083 56.324 64.47
549 3053.43 91.2 90.56 91.36 91.16 61.958 64.902 61.038 64.001
550 3058.98 91.16 91.24 90.76 91.12 60.155 58.103 67.373 62.64
551 3064.5 90.48 92.12 90.96 91.08 70.113 52.98 66.365 61.225
552 3070.04 91.68 91.28 90.6 91.16 58.398 59.072 68.202 65.295
553 3075.56 90.6 90.88 90.88 92.08 66.036 59.075 64.733 60.319
554 3081.07 91.84 90.72 90.68 90.92 55.737 62.368 65.02 68.135
555 3086.62 91.24 91.04 91.12 90.72 59.293 61.981 63.852 64.178
556 3092.16 90.6 91.72 91.08 91.16 67.688 59.066 62.79 58.758
557 3097.75 91.4 91.32 91.08 90.56 59.252 62.4 62.467 67.229
558 3103.32 90.8 90.76 91 91.68 61.871 65.434 63.112 59.59
559 3108.95 90.72 91.08 91.28 91.16 66.786 59.952 61.334 60.134
560 3114.43 90.88 91 90.8 91.16 63.211 62.537 59.624 63.894
561 3120 91.44 90.92 90.88 91.24 63.715 63.91 65.247 59.541
562 3125.53 90.52 90.56 91.84 91.48 70.283 65.01 59.468 56.821
563 3131.05 91.32 91.68 90.44 91.2 63.599 59.829 66.318 60.925
564 3136.59 91.24 90.88 91.48 90.8 65.581 61.226 60.997 64.418
565 3142.22 90.96 91.52 91.92 90.4 66.677 56.017 58.773 69.579
566 3147.72 90.64 91.04 91.16 91.92 73.219 64.05 60.55 57.413
567 3153.2 93.2 91.08 90.32 90.2 50.824 68.739 67.969 70.38
568 3158.76 91.24 91.28 91.2 90.68 67.597 57.864 65.232 66.401
569 3164.35 90.84 91 90.48 92.04 66.581 64.31 72.117 56.283
570 3169.94 90.8 91.48 91.52 90.72 63.515 64.917 61.185 66.241
571 3175.48 91.88 91.16 90.8 90.56 61.999 66.932 64.835 65.622
572 3181.04 91.12 91.76 91.24 90.16 72.722 59.239 65.884 66.277
573 3186.58 90.72 91.16 91.2 90.92 62.82 64.57 63.609 72.086
574 3192.12 90.88 91.36 90.8 90.72 67.658 58.986 62.864 68.729
575 3197.71 90.36 91.88 90.08 91.36 68.716 60.307 72.89 63.71
576 3203.28 91.2 90.48 91.32 90.8 64.707 71.302 63.401 66.114
577 3208.83 90.48 89.92 90.68 91.52 71.927 73.478 71.856 62.414
578 3214.39 90.48 90.04 90.32 91.04 73.86 71.405 70.07 64.247
579 3219.99 90.64 90.96 90.28 90.56 71.898 66.231 72.112 69.129
580 3225.51 91.64 90.72 90.48 89.84 57.668 71.052 69.581 75.421
581 3231.09 89.96 90.96 89.92 89.36 76.666 65.044 71.485 86.027
582 3236.65 90.12 90.88 90.28 90.28 68.666 71.888 70.964 76.148
583 3242.12 90.48 89.24 89.64 89.04 66.186 80.109 65.628 80.7
584 3247.67 88.64 90.08 90.88 90.68 80.016 71.819 61.743 66.013
585 3253.26 88.6 89.72 88.36 90.44 78.289 65.577 79.584 62.631
586 3258.79 89.36 88.24 88.72 88.72 64.133 67.927 68.497 75.149
587 3264.28 89 88.84 89.6 89.24 70.892 70.967 66.292 64.584
588 3269.85 89.48 89.4 88.76 89.44 67.581 62.672 71.083 69.902
589 3275.44 90.28 89.44 89.68 88.88 60.661 64.341 63.561 74.704
590 3280.97 88.88 90.16 89 89.28 64.088 56.759 67.058 64.583
591 3286.55 89.16 89.76 89.04 88.92 58.825 58.293 58.931 60.074
592 3292.11 88.68 89.48 89.32 89.28 65.278 55.857 60.767 60.034
593 3297.72 87.28 86.84 88.68 88.96 73.559 78.227 70.485 63.129
594 3303.36 89.32 88.64 89.28 89.04 61.096 63.499 60.344 57.833
595 3308.93 89.84 89.56 89.04 89 60.964 58.719 59.995 59.578
596 3314.48 89.28 88.88 89.52 88.64 59.905 69.052 67.465 62.173
597 3320.07 89.16 89.04 88.12 88.56 63.711 62.055 69.132 63.449
598 3325.64 88.36 87.64 89.48 89.32 69.508 75.209 58.201 62.315
599 3331.23 89.08 88.08 88.56 88.8 58.886 69.156 63.888 65.913
600 3336.76 90.4 88.56 89.04 88.16 50.42 63.339 62.476 72.801
