1 5.21 19.48 19.68 17.8 18.6 205.43 206.195 208.44 209.185
2 9.88 16.28 16.52 15.6 14.52 239.11 237.85 240.72 239.01
3 14.51 19.88 17.76 17.04 20.2 197.645 199.74 198.73 199.395
4 19.16 22.76 22.32 22.56 21.88 190.375 190.735 190.885 188.885
5 23.86 27.52 26.72 28.84 26.24 190.43 191.42 185.03 187.47
6 28.5 34.48 33 34.72 35.08 169.44 173.78 169.475 167.97
7 33.16 42.76 42.64 42.28 42.08 152.265 154.43 156.965 154.42
8 37.83 41.76 41.84 44.28 43.32 159.55 159.475 153.195 154.685
9 42.51 45.68 48.16 47.48 48.36 148.79 144.657 145.69 139.16
10 47.15 50.48 50.04 50.56 49.68 140.477 137.702 136.905 136.255
11 51.81 53.08 53.32 52.76 54.96 133.322 130.498 133.577 131.51
12 56.47 55.2 58.2 56.12 55.64 126.235 122.8 122.082 124.172
13 61.12 62.08 61.76 61.28 61.8 111.808 112.505 107.388 107.978
14 65.79 60.24 58.6 61.2 62 116.147 117.765 110.295 105.022
15 70.44 69.36 67.84 66.96 67.48 91.918 94.446 99.425 90.269
16 75.09 72.64 71.96 70.52 72.6 79.323 80.4 85.3 80.222
17 79.8 70.72 69.88 72.04 71.6 87.392 89.013 84.237 86.88
18 84.46 73.28 75.36 74.16 75.08 76.905 75.489 74.214 76.699
19 89.1 74.76 76.2 74.8 75.8 75.748 72.734 74.369 72.285
20 93.74 76.8 78.28 77 78.64 72.177 67.871 70.04 67.315
21 98.4 78.32 78.28 78.6 77.76 66.668 66.007 63.585 68.924
22 103.06 78.88 79.32 78.64 79.04 65.713 62.684 68.957 63.312
23 107.73 77.16 76.92 79.6 77.88 70.314 68.864 61.771 65.4
24 112.41 81.56 80.88 80.92 80.76 54.1 56.766 56.984 59.551
25 117.09 81.44 80.68 81.08 83.08 56.909 60.044 59.799 50.993
26 121.76 79.52 80.72 79.92 80.92 62.575 59.166 64.056 60.269
27 126.44 81.56 83.2 83.12 82.16 54.343 51.297 54.021 51.95
28 131.1 83.2 83.76 83.6 84.4 52.161 46.724 49.718 45.547
29 135.78 82.2 83.28 84.4 81.96 58.8 49.829 49.895 57.11
30 140.43 84.56 82.64 85.2 84.6 45.69 53.616 44.836 49.909
31 145.08 84.56 86.04 84.12 84.24 51.555 41.296 50.498 47.898
32 149.74 85.76 84 84.56 86.2 45.359 49.594 49.229 43.668
33 154.41 85.4 84.56 84.68 84.72 47.249 51.294 50.499 46.725
34 159.06 85.88 85.88 85.24 85.36 47.636 45.054 46.778 46.223
35 163.71 85 85.68 84.32 85.8 49.828 47.376 49.371 49.896
36 168.42 86.24 86.16 85.48 85.76 46.734 45.157 47.249 46.579
37 173.1 87.64 85.92 86.04 86.64 40.701 46.962 47.71 44.446
38 177.76 86.08 86.04 86.36 85.52 48.059 47.366 45.951 47.763
39 182.43 85.8 86.08 87.28 87.16 47.88 45.501 42.739 45.677
40 187.06 87.24 86.28 86.84 86.96 45.338 46.239 46.236 45.752
41 191.7 86.04 86 87.36 86.52 47.646 47.236 45.718 49.804
42 196.35 86.8 87.68 86.6 88.32 49.844 45.536 43.942 41.871
43 201.02 88.24 87.84 85.32 87.12 41.805 44.366 51.347 45.263
44 205.68 87.4 86.4 87.68 87.08 44.106 48.308 42.432 47.852
45 210.33 86.76 87.96 86.96 87.32 45.673 43.11 48.072 46.928
46 214.99 86.8 87.72 87.8 87.08 51.254 41.034 45.519 46.529
47 219.67 88.08 87.16 86.04 87.44 44.008 46.101 50.132 45.028
48 224.3 87.72 87.96 87.28 87 47.067 42.524 46.018 46.102
49 228.97 87.08 87.28 87.36 87.4 47.291 46.84 44.576 44.016
50 233.63 87.88 86.28 87.8 88.08 45.256 46.899 46.676 44.424
51 238.25 88.64 87.24 87.24 87.16 43.766 47.45 44.6 47.371
52 242.93 87.48 86.68 87.28 88.2 48.082 47.658 43.731 41.742
53 247.59 86.56 87.72 88.28 87.84 49.524 45.276 44.273 42.84
54 252.25 87.28 88.08 88.52 86.56 46.679 44.549 41.879 48.755
55 256.9 87.28 87.16 87.68 87.44 48.176 47.379 46.186 42.278
56 261.56 87.36 87.8 87.12 87.52 43.532 44.602 47.877 47.605
57 266.19 86.68 87.88 87.88 86.24 48.514 46.301 43.094 50.352
58 270.85 87.08 86.48 86.48 88.64 48.411 50.414 48.604 43.164
59 275.5 88.28 86.6 87.04 86.52 45.181 51.833 44.811 49.487
60 280.15 87.04 85.64 86.72 87.48 47.939 49.966 49.526 45.638
61 284.82 87.04 86.52 87.36 86 52.637 48.388 49.141 51.71
62 289.44 86.56 86.64 86.92 87.16 53.109 49.909 47.818 45.903
63 294.13 86.8 85.52 85.32 85.12 48.47 56.367 58.244 58.79
64 298.78 85.2 85.36 86.04 85.96 55.447 53.891 52.864 50.173
65 303.48 85.6 85.16 85.8 85.16 54.558 57.724 53.315 57.096
66 308.13 84.72 86.12 85.68 85.08 55.781 51.324 54.111 57.119
67 312.79 86.4 86.76 85.64 85.8 50.084 49.259 52.084 53.577
68 317.43 84.52 84.84 85.52 85.36 59.185 53.58 56.634 57.278
69 322.08 86.52 86 84.6 85.56 51.839 51.056 56.587 53.181
70 326.75 84.04 84.96 84.96 83.68 55.678 57.644 53.693 58.656
71 331.39 84.8 84.16 86.04 84.48 53.727 59.375 50.96 58.331
72 336.03 86 85.48 86.48 84.48 49.513 52.486 47.835 55.587
73 340.68 86 84.84 83.84 84.44 48.806 51.722 56.485 55.254
74 345.32 84.92 85.72 85.88 86.84 52.42 48.599 49.98 46.41
75 349.99 85.4 86.2 83.96 85.12 49.453 45.926 56.474 50.904
76 354.67 85.24 83.72 82.72 83.36 51.012 57.042 59.531 59.564
77 359.34 83.56 82.76 83.6 83.04 58.861 61.101 58.497 64.681
78 364 83.64 84.84 84.04 84.44 59.731 52.926 56.427 51.518
79 368.66 86.44 84.88 84.88 84.8 49.326 53.22 52.306 52.701
80 373.28 85.84 85.96 86.64 85.92 45.587 48.118 48.634 48.463
81 377.92 82.12 85.52 84.64 84.2 61.989 47.556 51.113 51.017
82 382.59 83.8 83.64 84.24 83.52 60.593 61.826 58.801 62.628
83 387.25 82.6 84 82.44 82.2 59.855 58.688 59.292 66.642
84 391.95 84.28 83.8 84.32 83.68 57.711 58.784 56.669 56.321
85 396.61 84.2 85.36 83.88 84.56 57.383 51.36 56.989 54.402
86 401.24 86.4 86.76 86.44 85.88 52.438 47.494 48.019 50.349
87 405.88 86.52 85.56 84.96 84.68 45.323 50.374 52.039 51.41
88 410.55 84.72 86.44 84.36 85.8 52.533 47.751 53.338 49.593
89 415.22 83.64 84.04 85 84.84 63.355 58.188 56.593 57.141
90 419.87 82.56 85.2 84.68 85.48 67.19 59.519 59.096 58.385
91 424.51 85.4 85.72 85.76 85.2 54.913 55.634 53.392 57.587
92 429.17 87 86.24 86.24 85.92 47.538 49.901 50.012 52.02
93 433.82 86.6 86.44 86.08 87 51.259 50.337 51.127 49.459
94 438.5 84.68 83.04 85.48 84.88 62.488 64.894 58.294 59.737
95 443.16 85.44 86.08 84.6 85.84 55.007 56.861 57.648 55.705
96 447.82 86.88 86.56 86.64 87.2 50.648 49.249 48.058 46.456
97 452.47 85.36 85.68 85.36 84.64 54.64 51.017 53.883 54.205
98 457.16 86.24 86.36 85.24 86.24 56.034 53.989 55.399 53.821
99 461.79 85.24 84.08 85 85.44 56.242 68.888 59.226 59.785
100 466.45 85.12 85.68 85.44 84.2 56.34 56.962 60.88 65.988
101 471.08 87.8 86.76 87 85.76 47.033 48.792 49.233 55.958
102 475.76 85.88 87.64 88.12 86.68 55.985 46.837 46.113 52.227
103 480.39 85.04 88.4 85.8 85.48 59.445 44.728 56.606 54.565
104 485.03 85.04 84.92 84.48 86.6 59.48 66.47 63.828 55.994
105 489.68 86.4 87.28 85.44 86.6 54.491 49.221 58.652 55.468
106 494.33 88.44 87.48 87.68 87.92 47.772 49.454 49.859 48.137
107 498.98 86.48 87.48 87.12 85.76 56.786 53.189 53.732 58.352
108 503.65 86.52 86.64 86.68 88.12 55.373 54.138 52.618 50.164
109 508.32 88.72 88.76 86.84 87.08 47.123 47.063 56.636 49.663
110 512.96 88.04 88.44 88.64 87.32 50.608 43.978 45.014 59.276
111 517.62 87 88.32 87.24 88.6 60.292 49.535 57.699 51.009
112 522.3 87.84 89 88.08 87.76 52.204 49.356 50.829 49.182
113 526.96 87.76 88.24 88.32 86.28 51.875 50.742 52.984 58.444
114 531.62 88.28 87.16 87.32 86.84 56.017 60.318 60.071 57.001
115 536.26 88.04 88.08 88.88 88.08 50.484 49.962 49.208 52.482
116 540.93 87.92 87.44 88.8 88.36 54.299 56.506 54.837 54.68
117 545.58 89.68 87.96 87.96 87.6 47.267 55.836 56.186 60.957
118 550.22 88.16 87.96 88.36 86.56 58.597 55.312 52.259 66.999
119 554.86 87.76 88.56 88.52 89.16 56.372 57.471 58.281 49.914
120 559.52 88.36 88.92 88.52 88.76 55.131 56.511 56.779 53.928
121 564.19 87.8 88.72 89.08 87.68 64.166 54.224 52.211 61.638
122 568.83 89.96 88.68 88.72 88.04 51.56 55.951 55.834 61.394
123 573.47 89 87.84 89.08 89.12 55.592 60.884 57.164 56.877
124 578.12 88.36 89.48 90.96 89.2 64.779 55.296 52.61 55.594
125 582.79 88.88 89.48 89.4 89.72 57.529 54.057 55.335 52.975
126 587.46 88.44 89.6 89.72 88.24 63.262 54.569 55.083 65.249
127 592.13 89.08 89.56 90.2 89.16 61.43 55.79 52.647 57.6
128 596.77 89.28 89 89.84 90.16 59.779 62.711 55.418 54.119
129 601.43 89.84 90.4 89.68 90 57.899 52.625 55.856 54.157
130 606.08 90.56 90.08 89.76 90.2 50.311 58.562 55.561 56.337
131 610.76 90.72 90.2 89.88 89.12 47.947 54.135 57.316 63.425
132 615.39 89.84 90.04 89.56 89.92 55.461 56.361 59.268 58.495
133 620.04 89.76 90.24 90.4 90.24 56.176 59.741 57.586 50.251
134 624.7 90.6 90.24 90.48 90.48 55.393 57.254 59.721 56.101
135 629.34 90.08 90.32 90.36 90.72 54.496 57.801 58.352 53.124
136 634.01 90.28 90.08 91.2 90.44 56.05 56.547 52.846 60.396
137 638.66 90.8 91.16 90.24 89.4 57.079 51.662 56.799 65.34
138 643.32 90.76 91.28 90.6 89.24 54.041 50.657 54.857 67.763
139 647.97 89.52 92 90.12 90.52 64.259 46.198 59.493 54.984
140 652.58 90.52 91.04 90.56 90.4 57.783 53.021 56.063 56.46
141 657.25 89.96 91.08 90.6 90.68 65.644 52.3 56.214 54.663
142 661.88 91.2 91.4 90.32 89.4 54.798 49.866 60.461 63.513
143 666.57 90.68 90.84 89.96 91.04 55.1 56.289 61.273 50.879
144 671.26 90.2 91.48 91.04 90.16 57.929 50.684 57.444 57.336
145 675.89 91.24 90.56 90.4 90.48 51.353 59.348 57.833 58.928
146 680.55 91.44 90.92 90.6 90.08 53.258 53.534 63.359 56.683
147 685.2 90.56 90.92 90.84 90.44 56.561 52.894 52.807 61.843
148 689.85 90.12 91.16 91.04 90.04 59.794 57.187 47.642 60.332
149 694.51 90.12 91.96 90.36 90.24 61.106 47.928 61.189 57.802
150 699.15 90.96 90.24 90.68 90.64 58.116 60.165 53.161 53.904
151 703.82 90.76 89.76 89.96 91.88 59.492 60.269 59.047 49.334
152 708.46 90.64 90.08 91 91 56.684 60.277 55.831 55.814
153 713.09 90.28 91.12 90.44 90.76 60.303 54.62 59.517 50.89
154 717.75 90.72 90.44 90.84 90.72 55.115 57.648 57.376 58.91
155 722.39 90.96 89.88 90.4 91.84 56.984 56.224 60.926 50.388
156 727.02 90.56 90.12 90.76 91.24 56.996 60.902 56.043 53.478
157 731.67 90.2 90.08 91.04 91 58.326 58.925 56.224 51.255
158 736.32 91.8 90.32 90.4 90.28 50.231 62.281 58.876 58.861
159 740.99 91.16 90.84 90.64 90 51.702 56.804 55.567 63.143
160 745.62 90.4 90.8 90.56 91.2 61.843 57.838 55.639 54.168
161 750.28 91 90.56 90.68 90.68 53.696 55.525 57.824 57.742
162 754.93 90.32 90.92 89.88 90.96 56.607 53.858 61.233 57.428
163 759.57 90.52 90.72 90.6 90.12 55.636 57.745 58.288 58.301
164 764.24 91.4 90.16 91.16 89.84 52.949 57.703 52.635 61.951
165 768.89 90.36 90.92 90.44 91 63.568 54.749 57.998 52.458
166 773.58 90.84 90.56 90.52 90.04 53.822 59.075 56.155 61.77
167 778.21 89.36 90.44 90.6 91.2 66.594 52.623 57.243 52.922
168 782.86 90.08 90.76 91 91.08 65.256 53.297 56.846 56.57
169 787.52 89.8 91.84 90.32 90.88 68.258 49.415 59.815 55.704
170 792.19 90.28 90.6 90.68 90.36 59.47 57.567 56.791 56.969
171 796.85 90.76 90 90.56 89.88 54.458 64.58 57.394 61.061
172 801.52 90.8 90.2 89.72 91.12 58.206 64.529 63.604 55.085
173 806.19 90.72 89.76 89.76 88.76 57.603 65.056 69.374 77.611
174 810.83 89.28 89.12 89.28 90.88 71.541 71.212 71.864 62.055
175 815.48 89.64 89.64 90.08 88.84 63.393 67.123 63.583 67.642
176 820.14 88.52 89.12 88.44 88.28 70.481 67.789 68.755 70.278
177 824.79 88.96 88.72 88.52 88.28 67.959 67.087 70.539 62.841
178 829.46 89.96 88.96 89.16 89.4 57.633 68.042 66.922 61.885
179 834.11 89.56 89.64 89.64 88.8 64.324 59.61 65.084 62.855
180 838.76 88.52 87.88 89.16 88.84 58.627 67.664 57.804 63.539
181 843.42 89.76 89.24 88.92 89.32 60.864 58.756 60.988 57.615
182 848.11 89.32 87.92 88.68 88.84 58.601 64.821 58.673 67.134
183 852.78 87.84 87.08 88.08 89.2 63.081 64.669 60.926 59.16
184 857.44 89.6 86.84 88.16 87.36 49.712 66.862 63.213 61.184
185 862.07 87.32 88.28 88.48 88.68 63.17 56.771 59.265 59.916
186 866.73 88.84 87.84 86.6 88.32 57.667 59.271 69.267 61.11
187 871.38 88.44 88.08 88.08 88.8 59.606 63.157 64.216 60.735
188 876.04 88.6 89.56 88.48 88.28 63.64 53.662 57.154 56.749
189 880.71 87.24 87.04 87.76 87.6 59.546 61.322 60.751 57.299
190 885.37 87.76 87.4 87.96 88.16 64.386 64.938 59.281 62.477
191 890.03 87.68 87.4 87.8 87.04 64.476 61.421 56.776 58.252
192 894.67 88.28 87.56 88.4 87.48 55.638 59.133 55.196 60.883
193 899.31 86.64 86.12 86.88 86.28 75.331 72.808 64.719 71.972
194 903.98 87.68 88.24 88.32 86.84 59.872 55.599 53.971 59.835
195 908.62 88.4 88.6 88.28 87.64 55.562 54.337 47.164 54.766
196 913.3 88.16 86.32 87.2 87.4 56.219 62.682 61.247 56.239
197 917.96 87.12 86.84 87.16 87.6 60.133 59.954 57.742 59.822
198 922.63 87.96 86.16 88.88 88.2 57.254 63.678 50.414 62.1
199 927.29 88.56 88 87.44 87.76 51.797 56.99 60.195 58.093
200 931.94 87.8 86.88 87.28 87.72 59.254 62.135 59.129 55.471
201 936.6 86.76 85.28 88.32 86.64 60.152 69.013 53.219 62.397
202 941.25 88.16 87.84 87.28 88.52 53.366 60.178 58.571 52.981
203 945.91 88.12 88.24 88.48 87.92 56.139 55.25 55.056 60.959
204 950.58 86.88 87.4 88.16 86.76 59.512 57.993 55.802 64.865
205 955.24 87.76 89.2 88.68 88 57.523 52.76 52.726 57.816
206 959.9 87.92 87.72 87.32 87.64 56.863 66.397 65.645 58.843
207 964.55 88.16 89.08 87.92 88.84 58.304 53.35 56.723 56.883
208 969.23 87.64 89.56 88.76 88.2 63.659 52.091 52.297 63.385
209 973.87 87.12 87.48 87.88 88.64 61.299 59.006 61.452 60.174
210 978.54 89.52 88.68 88.76 88.52 56.069 58.035 56.848 55.389
211 983.18 89.04 89.08 88.6 87.36 54.274 52.091 57.323 63.274
212 987.83 88.48 87.56 87.8 89.44 57.74 62.134 57.441 57.264
213 992.49 88.72 87.72 88.44 87.08 60.613 67.261 58.488 64.289
214 997.14 88.64 88.36 88.76 88.48 55.6 61.692 63.903 58.75
215 1001.79 89.44 88.96 88.24 89.8 57.205 61.275 63.621 57.006
216 1006.44 88.32 89.2 88.8 88.52 64.127 58.524 65.371 64.9
217 1011.11 88 89.36 89.28 88.92 66.12 52.856 52.958 57.297
218 1015.74 89.44 89.88 88.64 89.04 56.98 57.041 59.896 61.409
219 1020.42 90.84 88.72 89.48 88.56 52.605 69.407 57.939 68.061
220 1025.07 89.32 90.08 88.88 87.92 63.676 59.411 63.359 70.729
221 1029.73 89.68 90.48 90 90.32 61.264 54.027 59.726 56.115
222 1034.38 88.32 90.4 89.36 89.32 68.557 59.681 71.714 60.947
223 1039.04 89.88 89.48 90.28 89.24 60.307 56.642 57.747 65.779
224 1043.71 89.92 90.76 89.8 89.48 64.421 57.302 59.4 62.334
225 1048.36 90.04 90.24 91.72 89.24 62.375 61.237 51.731 64.575
226 1053.01 90.96 91.2 90.24 89 57.152 55.361 58.9 61.545
227 1057.7 90.64 91.32 89.32 89.88 52.804 55.49 67.957 64.01
228 1062.36 90.8 90.72 90.44 90.12 61.55 59.166 59.249 64.734
229 1067.01 89.88 90.76 90.76 89.52 60.119 56.2 56.958 67.81
230 1071.63 90.96 90.28 90.4 90.64 56.381 59.336 63.962 59.554
231 1076.26 90.88 91.04 90.36 89.68 57.721 54.548 61.596 62.903
232 1080.9 90.88 90.24 91.08 90.32 58.37 64.162 59.88 60.751
233 1085.57 91.2 90.48 91.56 89.64 51.903 65.651 58.289 67.188
234 1090.23 90.4 90.52 91.24 91.24 63.451 63.241 57.606 56.656
235 1094.91 91.8 90.96 90.68 90 54.926 58.887 59.562 62.903
236 1099.58 91.08 91.48 89.92 90.96 56.377 55.39 68.62 57.808
237 1104.23 90.68 90.28 91.08 91.2 56.998 64.03 59.151 57.667
238 1108.88 90.52 90.16 91.12 91.68 65.03 65.627 51.932 57.916
239 1113.54 90.8 91 91.52 90.44 55.424 62.636 54.194 63.373
240 1118.19 90.24 91.88 91.04 90.52 61.133 55.639 60.072 65.047
241 1122.86 90.6 91.16 91.52 90.28 61.557 58.859 56.421 61.242
242 1127.52 90.96 91.32 90.8 90.76 60.751 53.915 63.959 60.833
243 1132.18 90.96 90.68 91.64 90.28 57.032 60.159 55.493 65.704
244 1136.83 90.6 91.48 91.56 90.12 61.207 55.529 54.04 66.928
245 1141.49 90.24 91.04 91.04 91.44 62.934 59.142 59.469 56.449
246 1146.13 90.64 90.16 91.12 91.56 64.752 69.256 53.38 50.894
247 1150.79 90.72 90.52 91.2 91.24 60.49 65.606 57.136 57.67
248 1155.44 90.8 90.2 91.56 90.88 59.94 64.39 56.023 60.366
249 1160.12 90.84 90.88 90.8 91.48 59.431 59.608 62.031 56.916
250 1164.77 91.84 89.88 90.44 91.08 52.666 64.817 66.335 56.038
251 1169.44 91.16 91.32 90.2 90.72 62.244 58.106 60.55 58.854
252 1174.07 91.56 90.36 91.16 90.72 56.772 64.076 60.743 58.454
253 1178.73 90.72 91 90.52 91.24 60.26 59.066 59.506 61.044
254 1183.36 90.68 91 91.48 90.56 59.834 59.711 61.979 57.907
255 1187.99 90.76 91.4 91.24 90.36 61.559 56.996 57.172 60.894
256 1192.66 90.84 91.32 90.64 91 59.284 61.524 56.813 61.388
257 1197.31 91.4 90.8 90.76 90.72 56.072 56.351 65.074 59.137
258 1201.95 91.48 90.44 90.96 90.68 57.469 65.131 56.456 60.532
259 1206.62 90.92 90.6 91 90.92 52.079 65.374 62.059 59.947
260 1211.27 90.8 91.24 90.28 91.36 61.504 59.898 62.726 56.034
261 1215.92 91.92 90.96 90.28 90.72 53.189 61.341 64.465 60.18
262 1220.55 90.64 91.84 90.88 90.28 55.083 53.721 63.506 67.281
263 1225.21 90.24 91.44 91.12 91.08 62.205 59.62 58.129 60.505
264 1229.86 90.76 89.92 91.08 91.92 58.593 67.249 60.723 53.992
265 1234.54 91.28 90.4 91.72 90.2 56.854 67.946 54.304 62.808
266 1239.2 92.28 90.52 91.24 89.68 52.642 66.264 56.716 69.139
267 1243.85 90.48 92.16 90.08 90 65.266 51.668 61.625 64.488
268 1248.5 91.16 91.52 90.88 89.96 63.644 56.201 58.126 66.752
269 1253.18 90.32 91.32 90.76 90.32 65.4 58.715 62.208 62.387
270 1257.83 91.24 90.68 91 89.76 56.834 62.059 58.056 72.333
271 1262.48 90.56 89.92 91.12 90.56 65.823 58.965 62.824 63.475
272 1267.15 90.36 90.52 89.72 91.08 63.393 61.893 77.627 52.913
273 1271.77 89.76 91 91.12 89.88 66.476 62.736 57.513 68.799
274 1276.43 91.64 89.72 90.36 90.36 58.065 64.323 62.795 64.522
275 1281.08 90.8 90.36 89.44 90.44 58.663 65.152 71.014 62.772
276 1285.74 90.96 90.64 90 90.56 62.577 64.612 65.33 63.565
277 1290.38 90.16 89.8 90.64 90.76 61.597 72.671 63.134 59.78
278 1295.02 88.96 90.08 90.28 90.36 76.957 67.485 63.574 64.401
279 1299.67 89.92 89.44 89.48 90.96 70.386 66.056 66.136 61.141
280 1304.3 89.44 90.28 88.84 89.24 68.525 62.344 67.729 70.616
281 1308.95 88.28 88.52 88.64 89.08 77.623 77.876 76.909 68.993
282 1313.6 89.72 89 88.24 89.72 63.965 74.565 67.877 60.178
283 1318.27 88.72 89.24 89.24 88.68 76.234 66.525 65.626 71.233
284 1322.92 87.84 88.08 89.32 88.88 69.591 70.677 71.239 63.138
285 1327.58 88.92 88.92 89.64 89.92 66.341 63.846 61.947 60.138
286 1332.22 88.84 88.72 88.68 88.92 60.805 64.526 69.172 60.195
287 1336.88 89.44 88.72 88.2 89.88 55.014 64.764 66.026 53.704
288 1341.54 88.28 89.28 88.6 88.92 63.021 58.259 59.869 62.623
289 1346.19 87.92 88.44 88.84 88.84 65.196 58.615 58.511 62.347
290 1350.84 87.68 87.68 88.24 89.04 66.929 61.642 62.682 61.504
291 1355.45 86.8 87.76 89.44 87.08 75.03 69.853 61.378 74.119
292 1360.11 88.52 88.96 88.68 88.68 62.197 53.92 58.735 58.197
293 1364.77 87.72 88.64 88.96 88.76 57.046 54.193 57.835 56.886
294 1369.45 87.84 88.52 88.4 89.24 63.215 53.259 55.109 53.411
295 1374.08 89.8 86.96 89.12 89.44 52.649 71.334 53.498 58.113
296 1378.71 87.28 86.64 86.68 87.2 64.727 66.677 68.565 63.009
297 1383.4 89.24 87.88 89.16 88.64 57.172 62.319 58.485 55.924
298 1388.04 88.84 88.64 88.08 87.76 52.088 52.396 60.516 65.718
299 1392.69 87.76 88.04 88.28 88.2 63.375 59.864 63.108 60.067
300 1397.36 88.28 87.4 87.88 87.48 57.97 61.653 59.216 63.951
301 1402 88.44 87.08 89 89 62.11 67.514 60.679 60.171
302 1406.62 87.36 88 88.8 89.12 63.661 62.976 56.901 58.191
303 1411.28 88.4 88 88.2 87.88 62.218 61.81 55.983 63.33
304 1415.95 87.4 88.44 88.52 90.24 61.803 56.228 58.656 49.96
305 1420.59 88.68 89.76 89.68 88.84 58.504 54.834 52.76 57.171
306 1425.24 88.04 87.84 88.36 88.6 65.201 61.602 60.383 58.489
307 1429.92 88.56 88.6 87.72 88.08 61.879 60.836 61.417 62.381
308 1434.58 89.24 88.84 88.24 89.04 52.291 56.799 57.227 51.699
309 1439.24 87.88 90.12 88 87.92 67.464 54.245 65.574 66.887
310 1443.88 89.92 88.6 89.72 88.92 48.634 64.87 52.533 59.471
311 1448.52 88.36 88.88 88.52 89.08 61.117 65.983 62.209 55.392
312 1453.15 88.04 88.8 89.6 89 59.553 54.026 50.953 59.735
313 1457.81 89.52 88.36 87.08 89.2 55.059 61.188 70.529 57.405
314 1462.48 90.12 89.36 88.72 89.24 56.996 50.909 59.27 58.345
315 1467.1 89.36 88.32 89.08 90.72 55.708 67.373 61.881 52.019
316 1471.78 89.68 88.92 89.72 89.2 61.055 63.947 59.307 66.865
317 1476.43 88.68 88.96 90.24 88.6 66.278 61.909 54.823 65.821
318 1481.1 90.16 90.08 89.28 90.16 53.967 57.352 61.336 54.069
319 1485.74 90.04 90.24 89.4 89.36 58.237 53.601 60.538 63.93
320 1490.39 90.12 89.24 90.44 90.76 60.504 67.797 58.109 49.173
321 1495.04 90.16 89.4 90.56 90.28 66.911 64.878 55.421 59.409
322 1499.7 90.6 90.04 90.28 89.52 60.487 57.648 57.732 65.317
323 1504.36 90.48 89.12 90.32 91.08 57.797 64.789 62.951 45.409
324 1509.03 90.64 90.44 90.6 89.8 55.181 59.31 60.325 63.451
325 1513.69 90.4 89.8 90.44 90.32 58.597 65.581 55.735 58.828
326 1518.38 90.72 90.36 90.4 90.16 57.972 54.926 64.144 63.316
327 1523.03 89.88 90.16 89.68 91.04 61.142 64.052 66.226 57.252
328 1527.67 91.24 90.76 90.12 90.12 56.455 58.24 62.202 67.259
329 1532.32 90.52 90.04 90.76 90.44 58.959 65.049 61.558 57.837
330 1536.99 91.2 90.56 90.36 90.16 55.414 62.339 58.409 60.631
331 1541.65 91.84 89.44 90.12 91.04 54.092 67.522 59.664 55.382
332 1546.31 90.6 91.2 90.12 90.64 64.356 55.803 65.918 55.148
333 1550.97 90.72 90.76 90.76 90.36 56.909 55.491 59.217 64.449
334 1555.63 91.12 90.4 90.24 90.76 54.301 63.371 63.032 56.987
335 1560.26 91.12 90.08 91.2 90.4 59.439 60.105 57.107 57.158
336 1564.95 90.56 90.44 91.32 91.04 59.561 58.203 51.989 59.055
337 1569.58 90.76 90.56 90.2 91.8 60.61 60.843 61.149 49.804
338 1574.26 90.84 90.32 91.48 90.56 58.422 62.249 52.242 59.764
339 1578.9 90.44 91.16 91.08 91.08 60.303 56.974 56.884 58.74
340 1583.56 91.36 90.72 90.56 90.56 57.156 58.312 58.523 56.869
341 1588.2 90.92 90.36 91.44 91 57.722 61.544 52.807 58.943
342 1592.84 90.88 91.08 90.92 90.36 61.593 60.293 56.925 55.309
343 1597.52 91.64 89.92 91 90.44 51.737 66.078 51.512 61.25
344 1602.18 90.84 89.56 90.52 91.92 54.818 59.553 61.639 56.231
345 1606.83 90.16 90.96 91.04 91.16 61.288 58.005 56.676 57.442
346 1611.46 90.8 90.48 90.6 91.52 60.666 53.036 59.453 55.449
347 1616.11 91.08 90.88 89.96 91.64 56.558 58.884 65.47 52.571
348 1620.75 90.4 90.88 91.6 91.12 66.797 53.971 53.459 55.129
349 1625.38 91.72 90.76 90.28 91.04 56.231 51.624 62.72 57.971
350 1630.03 89.88 91.2 90.92 91.44 62.789 56.428 56.953 53.106
351 1634.7 90.64 91.44 90.2 91.24 61.487 56.939 58.422 55.589
352 1639.35 90.72 90.8 90.92 90.56 58.042 56.584 55.553 61.784
353 1644 90.68 90.96 90.16 91.44 54.352 56.462 60.906 56.902
354 1648.63 90 91.24 90.4 91.48 59.696 55.628 58.348 54.998
355 1653.28 90.96 91.2 90.8 90.48 55.381 55.049 60.801 61.503
356 1657.94 90.6 90.76 90.92 90.8 58.614 55.601 59.25 57.051
357 1662.59 90.44 90.84 91.12 91 60.845 59.038 58.267 54.535
358 1667.26 90.76 91.04 89.92 91.48 61.327 55.511 62.259 54.608
359 1671.89 91.04 90.68 91.8 89.92 59.367 56.763 52.304 64.312
360 1676.57 90.92 90.32 90.76 91.72 60.732 62.835 57.896 51.446
361 1681.22 91.64 90.8 90.92 89.96 54.638 64.644 55.764 60.259
362 1685.88 90.8 90.12 90.32 92.04 58 67.901 56.258 51.934
363 1690.54 90.56 90.88 90.08 92.28 61.522 59.782 62.895 47.915
364 1695.2 90.92 90.88 90.44 91.36 56.953 63.248 59.722 54.957
365 1699.84 90.84 90.92 90.52 91.24 62.352 60.786 55.242 54.537
366 1704.51 91.8 89.92 90.44 91.12 51.517 63.118 60.802 57.856
367 1709.15 90.96 91 90.32 90.68 58.38 55.149 63.634 57.696
368 1713.8 90 90.64 91.32 91 64.184 56.945 54.838 60.467
369 1718.47 91.56 91.08 90.24 90.16 52.323 58.304 63.002 65.925
370 1723.16 89.88 90.48 91 91.24 58.747 63.366 59.356 56.928
371 1727.8 91.44 91 90.52 90.08 51.616 59.94 63.27 63.87
372 1732.49 90.36 90.56 91.24 90.4 60.172 59.884 56.557 61.588
373 1737.15 90.72 91.2 89.84 91 61.327 53.811 65.624 62.966
374 1741.81 90.68 90.28 90.56 91.16 56.377 63.629 60.599 60.135
375 1746.46 89.68 91.28 90.6 90.8 64.997 56.875 57.24 60.679
376 1751.11 90.96 90.52 91 90.12 58.899 57.123 61.574 64.198
377 1755.74 90.88 92.16 90.28 89.92 68.038 54.078 62.939 69.135
378 1760.43 90.64 90.48 90.12 90.44 63.988 63.943 68.613 70.884
379 1765.07 89.96 90.72 90.48 90.2 62.156 58.233 61.626 66.153
380 1769.72 90 90.44 90.24 90.16 66.706 64.977 62.422 58.903
381 1774.39 89.72 90.64 90.6 90.08 62.633 61.407 64.694 69.741
382 1779.04 89.44 89.76 89.72 89.92 61.572 65.897 68.97 68.849
383 1783.69 89.28 88.88 89.64 89.44 67.361 76.733 61.914 65.804
384 1788.36 88.6 90.16 89.72 90 76.261 60.574 65.911 60.169
385 1793 88 89.84 88.72 88.96 72.659 62.023 73.539 66.654
386 1797.68 88.84 88.4 89.32 87.72 66.062 70.989 60.536 71.236
387 1802.34 88.08 88.76 88.04 88.24 67.269 62.639 62.831 67.919
388 1807.01 89.48 88.88 88.76 87.04 62.151 58.8 62.706 71.541
389 1811.69 89.08 88.28 87.68 89.16 62.962 64.927 73.964 60.639
390 1816.35 88.64 88.88 88.88 88.8 61.312 59.003 57.62 54.436
391 1821.01 89.84 88 88.8 88.4 54.97 59.937 62.335 59.214
392 1825.64 87.6 89.48 88.04 87.72 71.71 58.288 71.051 70.084
393 1830.28 88.84 89.04 89.68 89.48 64.552 57.15 54.874 55.82
394 1834.92 88.84 89.04 88.28 89.12 60.998 63.418 61.737 61.604
395 1839.56 89.92 89.12 89.16 88.6 52.283 55 55.917 59.216
396 1844.19 88.08 89.4 89.64 89.32 71.886 53.91 51.761 57.718
397 1848.86 87 88.48 88.32 87.6 69.094 57.863 54.936 59.188
398 1853.52 89.76 88.48 88.8 89.12 49.426 54.397 53.972 52.639
399 1858.21 88.84 88.08 88.6 88.48 64.552 58.411 60.256 61.354
400 1862.87 89.44 88.68 89.08 88.88 54.279 55.438 55.877 55.065
401 1867.54 89.44 88.84 88.52 88.72 54.636 57.03 61.076 61.144
402 1872.22 88.76 87.8 87.72 88.92 57.935 63.094 64.169 60.7
403 1876.86 90.44 88.8 88.2 88.84 53.841 55.037 61.526 58.254
404 1881.52 88.52 88.16 89.28 88.52 63.076 59.326 61.376 61.43
405 1886.16 88.48 89.32 88.8 88.36 61.29 52.642 61.884 60.566
406 1890.82 88.96 88.92 89.16 88.88 58.314 56.846 55.124 53.813
407 1895.5 89.08 88.88 89.68 89.04 58.741 56.695 54.691 57.307
408 1900.15 88.68 89.28 89.52 88.6 63.877 54.776 55.248 58.992
409 1904.81 88.64 90.08 88.32 89.12 60.027 50.769 60.535 57.552
410 1909.46 89.28 89.84 89.6 89.6 58.087 50.806 56.848 56.399
411 1914.14 87.92 88.32 88.24 88.48 63.928 65.004 67.171 67.693
412 1918.8 89.04 89.56 89.76 89.84 61.547 59.497 62.023 55.447
413 1923.46 89.84 89.24 88.84 89.96 52.486 60.735 65.116 54.429
414 1928.11 87.92 89.36 89.32 89.84 63.682 57.398 61.644 58.272
415 1932.76 89.76 89.16 88.88 89.48 54.839 61.344 57.765 59.522
416 1937.4 89.36 89.56 89.64 88.68 61.343 58.976 62.87 57.693
417 1942.03 90.24 89.08 89.4 90.52 52.838 59.526 58.193 53.229
418 1946.75 89.72 90.88 90.2 88.88 62.292 51.445 53.228 68.171
419 1951.42 90.24 91.52 89.88 89.24 59.416 50.636 60.56 57.691
420 1956.08 90.24 90.12 88.64 91.88 57.102 55.294 68.207 45.949
421 1960.76 90.04 91 90.32 90.76 60.086 55.6 60.202 56.393
422 1965.39 90.12 89.48 90.36 91.36 64.558 63.641 62.441 49.811
423 1970.06 91.44 91.16 90.12 89.48 53.552 52.609 63.641 62.951
424 1974.69 90.48 90.64 90.72 91.48 57.743 58.949 54.301 55.807
425 1979.32 91.6 90.44 90.6 90.92 53.173 59.734 56.675 55.408
426 1984.02 90.6 90.72 91.92 91.28 59.902 56.762 54.043 52.578
427 1988.65 90.84 90.72 91 91.16 57.229 57.851 53.724 56.508
428 1993.32 90.84 90.92 91.76 90.8 58.436 59.931 52.036 60.364
429 1997.98 91.4 91.68 90.12 91.2 53.931 54.876 63.029 54.741
430 2002.65 90.36 91.16 91.6 90.76 60.619 57.909 54.136 57.183
431 2007.3 91.92 90.32 91.28 90.68 48.627 64.739 55.239 63.485
432 2011.95 90.8 90.92 91.44 91.16 58.396 53.793 58.14 58.947
433 2016.6 90.68 91.84 90.6 91.12 60.691 52.583 57.667 60.026
434 2021.24 91.28 91.28 90.24 91.92 55.581 57.287 60.974 54.328
435 2025.92 91.32 91.12 91.12 91.52 54.306 58.279 59.819 54.933
436 2030.55 91.04 91.28 91.04 91.84 54.146 57.001 61.904 54.866
437 2035.18 90.92 91.24 91.08 91.96 54.12 60.337 58.037 51.524
438 2039.85 91.32 91.52 90.76 91.84 53.147 54.373 62.626 55.601
439 2044.5 91.12 91.2 91.04 91.72 55.864 56.189 56.445 55.963
440 2049.16 91.32 91.64 91.16 90.72 53.506 53.358 57.702 60.528
441 2053.83 91.04 91.52 91.28 91.08 60.723 57.815 53.731 55.039
442 2058.49 91.08 92.04 90.88 90.6 57.379 53.528 57.177 57.227
443 2063.16 91.44 91.72 91.28 90.92 61.258 54.538 53.441 55.292
444 2067.81 90.8 91.68 91.88 91.12 63.042 56.092 51.289 53.534
445 2072.46 91.76 90.92 92.08 90.52 53.185 57.816 52.641 59.699
446 2077.16 91.4 92.36 90.68 90.76 56.24 52.676 59.625 56.618
447 2081.78 92.08 90.56 91.28 91.6 53.579 63.482 55.437 54.356
448 2086.48 90.48 91.76 91.56 91.6 56.325 56.413 53.204 60.59
449 2091.11 91 92.2 90.8 91.28 54.514 50.177 64.198 56.859
450 2095.77 90.8 91.48 91.16 91.76 55.583 54.991 59.632 54.589
451 2100.42 91.36 91.6 90.76 91.56 59.743 56.311 57.251 53.659
452 2105.07 92.6 91.68 90.2 90.68 46.336 55.19 65.506 59.598
453 2109.71 90.68 91.56 90.88 91.92 57.085 55.792 58.552 52.498
454 2114.36 90.48 91.6 91.12 91.92 60.702 53.317 55.371 55.73
455 2119 90.64 91.56 92.28 90.8 62.52 51.792 47.872 61.067
456 2123.67 90.96 91.44 91.04 91.96 56.989 58.392 59.002 50.226
457 2128.34 91.16 91.32 92.2 90.12 56.631 57.872 52.655 57.846
458 2133.01 91.8 91.64 90.32 91.52 56.847 57.258 58.892 51.943
459 2137.67 91.48 91.08 92.28 90.52 57.678 53.77 48.73 62.463
460 2142.31 91.28 90.84 91.72 91.4 58.664 61.499 52.877 52.921
461 2146.98 91.36 91.2 91.32 91.28 57.176 56.016 58.541 54.904
462 2151.63 91.56 91.36 91.16 91.44 49.818 56.838 56.794 60.972
463 2156.28 91.28 91.44 91.96 90.52 59.508 53.538 51.029 60.907
464 2160.96 91.08 91.08 92.04 90.8 60.075 58.538 47.933 60.49
465 2165.62 91.28 91.6 91.04 91.36 56.229 52.616 56.615 61.867
466 2170.27 91.2 91.4 90.96 92.04 55.391 56.462 60.525 53.203
467 2174.93 91.52 91 91.4 91.8 57.006 57.461 56.102 57.991
468 2179.56 90.44 91.36 90.8 92.52 60.904 56.094 63.144 49.309
469 2184.23 92.64 92 90.16 90.52 46.508 49.422 66.252 64.702
470 2188.9 92.04 91.84 91.36 89.96 50.133 52.359 61.296 66.938
471 2193.54 91.04 92.92 90.44 91.2 59.134 51.575 63.057 58.448
472 2198.21 91.92 90.2 91.64 91.28 59.097 65.31 54.584 53.179
473 2202.86 91.56 91.44 90.68 90.76 55.48 60.389 61.31 57.328
474 2207.53 90.36 91.12 91.76 91.96 62.688 62.936 54.032 49.846
475 2212.15 91.12 90.72 90.84 91.76 54.676 65.906 59.236 50.991
476 2216.8 90.44 90.72 92 91.32 66.074 60.586 50.949 57.857
477 2221.49 91.64 90.8 90.36 91.04 57.509 59.523 63.962 59.095
478 2226.15 91.16 91.32 91.12 90.76 57.356 59.454 58.471 67.509
479 2230.81 91.92 90.56 90.64 91.32 55.052 64.841 62.061 59.758
480 2235.45 91.88 90.4 90.16 90.24 52.793 67.246 65.433 63.413
481 2240.1 90.16 90.4 90.32 91.32 66.335 68.486 55.701 57.366
482 2244.74 91.12 90.4 90.44 90.16 62.015 62.819 64.379 63.946
483 2249.38 90.28 90.04 89.16 89.12 62.773 61.418 66.659 70.667
484 2254.04 88.72 88.48 89.24 87.56 74.04 73.479 74.987 73.338
485 2258.73 89.2 89.72 89.76 88.28 65.246 64.115 61.608 80.525
486 2263.39 90.04 89.2 89.16 89.88 61.291 63.036 63.256 58.862
487 2268.05 89.32 89.44 89.32 88.88 69.276 65.037 69.683 70.496
488 2272.7 89.12 89.72 88.92 88.24 62.123 54.416 63.104 65.647
489 2277.34 89.56 88.32 89.16 90.56 59.862 63.16 59.573 52.883
490 2282 88.48 88.8 88.32 88.16 61.279 63.253 67.219 65.341
491 2286.66 88.6 87.6 89.68 88.08 64.977 64.374 54.726 62.587
492 2291.32 88.48 88.76 88.64 88.12 65.978 64.924 58.747 61.901
493 2295.98 88.44 89.36 88.48 88.04 59.793 60.465 67.941 61.066
494 2300.63 88.84 88.48 88.04 88.96 60.339 64.023 65.925 59.001
495 2305.31 89.72 88.56 89.28 89.4 51.914 59.408 55.626 55.797
496 2309.98 89.24 88.32 89.48 88.08 55.868 52.156 50.664 63.472
497 2314.63 87.52 90.04 88.12 89.2 61.284 48.508 59.688 54.021
498 2319.28 88.2 89.08 88.8 88.88 63.57 61.278 59.812 60.848
499 2323.98 87.08 87.2 87.52 87.96 67.715 67.513 60.712 61.514
500 2328.65 88.68 89.16 88.16 88.56 57.652 60.358 62.912 54.812
501 2333.28 88.56 89.32 88.08 88.96 65.554 55.928 59.852 57.089
502 2337.96 88.6 88 89.48 89.84 57.539 56.845 52.148 51.417
503 2342.61 88.48 88.52 88.48 88.64 59.386 59.805 63.857 63.545
504 2347.27 89.24 89.36 88.8 89.12 54.986 61.054 62.164 62.102
505 2351.9 87.8 88.88 88.96 89.16 64.895 57.878 58.808 56.153
506 2356.59 88.68 87.48 88.72 88.2 58.425 66.418 60.839 61.728
507 2361.22 89.04 89.48 89.16 90.48 58.452 54.942 56.555 51.074
508 2365.88 88.2 89.8 89.48 90.08 66.296 56.453 62.972 55.052
509 2370.53 88.4 89.12 90 88.16 62.326 61.512 55.042 64.594
510 2375.17 89.88 88.72 88.44 87.76 57.581 60.264 57.887 70.806
511 2379.83 89.08 89.72 89.2 90.36 57.431 55.392 59.154 55.312
512 2384.46 89.32 89.6 90.44 89.52 59.038 59.761 55.734 61.67
513 2389.16 89.72 89.52 89.52 89.28 55.12 61.099 62.139 61.715
514 2393.81 90 88.6 88.84 88.72 57.426 59.877 63.887 65.71
515 2398.45 90.08 89.04 89.16 90.36 59.344 69.209 62.028 56.398
516 2403.1 89.6 89.6 89.92 89.28 58.807 59.972 61.837 57.483
517 2407.74 89.64 90.28 89.76 89.96 64.314 53.221 60.806 58.896
518 2412.4 90 89.56 90.2 90.64 60.568 60.332 56.479 60.336
519 2417.04 91.52 89.92 89.2 90.24 51.815 54.626 59.258 56.781
520 2421.73 90.32 90 89 90.12 57.589 62.211 61.778 53.797
521 2426.4 90.04 90.6 90.4 90.8 58.864 59.282 56.722 54.03
522 2431.03 91.68 90.92 91.08 88.6 49.57 56.051 52.594 66.629
523 2435.66 91.08 90.68 90.84 90.76 53.15 57.443 59.619 58.794
524 2440.31 90.8 90.16 91.36 90.36 56.608 58.56 53.919 59.248
525 2444.98 91.72 91.24 90.52 90.88 55.882 56.443 60.451 58.585
526 2449.62 90.84 90.48 90.36 91.56 56.612 60.242 58.182 56.332
527 2454.27 90.6 90.68 90.52 92.04 60.138 62.144 60.602 48.587
528 2458.95 91.04 91.04 90.08 91.28 59.542 55.784 63.161 55.888
529 2463.61 91.24 91.88 90.56 90.88 57.718 49.06 58.166 62.151
530 2468.27 91.8 91.2 90.92 91.16 50.821 51.583 61.156 59.126
531 2472.94 90.6 91.36 90.92 91.8 62.728 56.503 51.786 54.667
532 2477.59 91.04 91 91.6 90.64 57.112 52.455 52.583 64.748
533 2482.22 91 90.88 91.28 91.12 56.237 59.762 51.666 60.357
534 2486.85 91.96 91.84 90.48 90.92 52.898 53.81 56.568 62.306
535 2491.53 91.08 91.8 91.04 90.84 57.407 49.718 59.069 59.239
536 2496.16 91.56 90.56 91.4 91.08 53.078 58.744 56.228 58.418
537 2500.79 91.28 92.16 90.8 90.32 51.412 55.196 57.487 61.693
538 2505.47 91.24 90.56 91.56 91.36 54.823 60.684 51.651 57.521
539 2510.12 90.52 90.92 91.2 92.12 59.316 56.194 57.507 49.317
540 2514.77 91.12 91.92 91.44 90.44 54.739 53.766 56.644 61.559
541 2519.41 91.76 90.4 91.08 91.92 53.658 63.253 58.232 48.132
542 2524.08 90.56 91.56 92.32 90.36 59.875 53.284 51.048 59.547
543 2528.72 91.48 90.56 90.8 91.88 50.854 61.046 59.907 51.149
544 2533.38 91.88 90.6 90.56 91.6 54.666 59.229 60.694 51.683
545 2538.03 90.56 92.32 91.4 90.76 64.836 48.703 56.583 55.71
546 2542.71 91 91.28 91.68 90.48 57.984 54.543 51.943 56.982
547 2547.37 90.52 91.32 91.72 91.2 59.075 54.572 52.462 57.546
548 2552.02 91.6 90.68 91.36 90.96 54.208 59.279 54.497 57.943
549 2556.69 91 91.24 91.48 91.24 56.413 57.604 58.193 53.566
550 2561.32 91.2 92.28 90.4 91.4 53.687 48.8 64.317 55.678
551 2565.98 90.92 91.84 90.76 91.2 60.684 47.411 58.294 55.984
552 2570.63 90.92 91.48 91.08 91.2 56.221 52.06 56.779 58.048
553 2575.27 90.32 90.56 92.16 91.32 59.596 60.301 50.486 55.855
554 2579.94 91.72 91.2 90.88 91 50.88 53.313 57.828 61.324
555 2584.59 91.8 90.52 91.4 90.84 53.311 61.786 54.867 58.569
556 2589.27 90.72 92.04 90.84 91.4 63.256 46.916 59.975 53.211
557 2593.89 91.96 91.6 91.24 89.84 50.231 56.546 57.854 59.837
558 2598.58 90.6 90.44 91.64 92.04 57.957 57.802 56.568 50.851
559 2603.24 91.36 91.72 91.44 90.56 58.388 50.176 56.593 58.077
560 2607.89 91.28 91.44 90.84 90.88 54.832 56.105 57.2 56.142
561 2612.54 91.52 90.92 90.96 91.52 54.718 60.169 62.025 48.541
562 2617.2 91.6 91 90.8 91.04 53.862 60.442 58.693 54.406
563 2621.85 90.96 91.68 90.56 91.12 58.224 50.943 60.599 56.445
564 2626.52 90.96 91.6 91.72 90.2 59.236 55.945 49.311 60.508
565 2631.19 91.36 91.48 91.44 90.72 55.719 54.721 53.324 62.389
566 2635.86 90.88 91.36 91 91.12 62.546 57.404 52.255 53.963
567 2640.51 92.24 91.36 90.32 90.48 45.858 59.245 57.292 63.377
568 2645.18 91.32 91.56 90.52 90.96 55.001 53.039 60.427 56.831
569 2649.84 90.44 91.24 91.16 92.12 61.557 54.167 58.581 51.611
570 2654.47 91.48 91.28 90.92 91 56.244 59.485 59.452 55.663
571 2659.14 91.72 91.44 90.68 90.96 54.667 60.111 59.086 57.689
572 2663.78 91.32 91.6 90.76 91.08 61.973 56.102 57.939 54.688
573 2668.42 91.44 91.24 90.88 91.24 53.385 57.461 55.328 65.621
574 2673.04 91.16 91.2 91.4 91.36 56.868 54.081 57.374 57.022
575 2677.69 91.08 91.84 90.36 91.52 52.136 51.921 69.39 55.257
576 2682.39 90.6 90.64 90.92 91.88 63.185 55.658 59.973 55.603
577 2687.04 90.48 91.48 90.48 91.72 69.669 58.259 61.069 53.273
578 2691.7 90.92 90.16 90.84 91.48 57.686 60.112 60.528 56.355
579 2696.37 90.24 92.08 90.56 90.6 66.505 52.086 59.784 61.258
580 2701.01 91.48 90.68 90.56 90.2 52.458 67.941 63.732 64.863
581 2705.7 90.52 90.32 89.52 89.64 63.989 62.889 67.499 70.952
582 2710.37 89.64 88.56 90.76 89.92 67.095 70.016 62.726 63.26
583 2715.05 91.2 88.96 91 90.32 61.493 69.433 57.899 63.099
584 2719.69 88.96 89.68 90.04 89.92 66.705 66.088 62.562 63.881
585 2724.36 89.8 90.2 89.08 90.64 66.921 61.41 70.291 57.442
586 2729.01 89.28 88.88 89.76 90 66.119 70.786 65.418 68.385
587 2733.68 88.88 88.76 88.48 89.16 69.196 72.333 65.697 59.24
588 2738.31 89.76 89.88 89.16 88.8 58.954 55.242 58.342 63.445
589 2742.93 89.84 89.4 88.44 89.2 58.417 55.585 61.803 61.942
590 2747.61 88.04 89.64 88.16 88.64 60.876 54.255 64.851 59.919
591 2752.27 89.16 89.12 89.96 89.76 55.401 55.744 53.218 53.591
592 2756.93 87.88 88.28 87.88 88.32 67.778 63.546 68.014 66.649
593 2761.59 86.52 87.48 88.08 89.8 73.066 67.151 65.202 59.742
594 2766.25 87.88 88.08 89.2 88.52 65.569 72.031 55.629 66.421
595 2770.92 89.72 88.96 89.56 89.72 54.246 56.051 52.786 49.437
596 2775.57 89.68 89.12 88.44 89.4 53.37 56.806 66.306 58.477
597 2780.23 88.08 89.64 88.48 88.68 60.831 54.847 58.947 55.121
598 2784.89 87.8 88.88 89.28 89.08 64.791 65.07 52.507 60.209
599 2789.54 90.08 89.16 88.52 89.44 49.656 61.274 59.751 56.097
600 2794.23 90.8 88.28 89.36 87.84 44.729 57.105 50.337 64.732
