1 3.97 19.16 18.68 18.96 17.76 213.855 213.31 218.43 216.35
2 7.41 23.12 24.2 21.84 22.2 198.005 197.175 201.765 199.42
3 10.68 24 21.96 22.36 23.36 195.2 199.76 195.555 195.78
4 13.93 28.32 27.6 27.56 26.2 185.445 184.51 185.325 185.51
5 17.28 26.2 25.96 25 28.08 184.795 187.01 185.19 182.19
6 20.61 32.52 29.72 31 31.48 170.85 175.195 174.3 172.015
7 23.96 33.56 34.44 33.44 33.28 178.89 175.35 177.075 172.57
8 27.31 35.12 37.28 36.24 36.92 168.515 164.195 165.07 164.905
9 30.61 35.8 36.32 37.44 38 164.645 161.51 158.025 157.975
10 33.91 40.12 41 39.6 40.24 163 162.265 165.57 160.725
11 37.23 41.76 42 40.76 42.28 158.505 157.71 154.805 156.44
12 40.57 46.76 46.24 49.76 49.48 143.055 143.605 136.075 136.018
13 43.92 51.2 51.92 50.72 49.32 134.935 135.012 131.502 137.095
14 47.23 46.8 47.48 49.04 48.88 155.535 154.21 146.768 146.105
15 50.57 58.96 57.56 57.36 60.36 113.93 115.27 119.705 111.795
16 53.86 53 51.84 50.28 52.12 153.615 160.38 162.115 157.235
17 57.18 63.76 65.64 65.52 65.4 104.885 100.31 99.705 98.51
18 60.5 64.24 63.68 64.52 64.32 108.98 109.03 108.085 107.513
19 63.74 64.08 66.04 66.4 64.36 104.29 98.593 97.58 102.657
20 67.05 69.16 69.72 69.84 70 89.2 87.71 90.321 86.045
21 70.32 70.68 72.56 71 70.8 84.055 81.355 82.6 85.763
22 73.6 71.96 73.72 72.64 73.12 78.706 76.562 79.879 77.949
23 76.95 71.44 72.92 74.4 72.52 82.653 78.389 78.47 80.237
24 80.32 76.84 75.8 74.56 74.6 68.608 72.51 72.487 75.664
25 83.65 74.76 74.48 72.64 76.32 71.434 72.521 77.159 71.936
26 86.96 74.2 74.72 74.64 75.2 77.92 75.825 78.519 76.35
27 90.24 77.8 78.2 77.96 77.88 67.274 63.958 65.125 67.855
28 93.59 78.12 79.12 78.04 78.84 66.56 60.324 63.736 63.156
29 96.89 78.08 80.24 80.92 78.76 66.33 58.564 58.883 63.716
30 100.22 81.72 80.56 82.48 81.04 54.513 59.045 51.513 57.274
31 103.51 80.68 81.52 81.8 80.12 60.903 56.734 57.617 60.559
32 106.74 82.64 82 81.6 82.32 51.422 55.86 56.913 53.655
33 110.11 82.52 82.92 82.92 82.56 52.601 54.584 56.44 52.752
34 113.47 81.6 80.32 82.32 80.52 56.395 58.587 54.062 59.528
35 116.74 82.72 82.32 82.88 83.36 53.722 53.306 52.891 52.205
36 120.02 84.12 83.76 83.44 83.28 47.953 49.004 50.516 51.426
37 123.39 85.08 82.48 82.24 83.6 46.953 53.525 54.572 50.803
38 126.63 84.72 84.48 85.32 84.84 48.913 49.065 46.414 45.233
39 129.97 83.56 84.12 85.4 84.56 49.292 49.335 44.708 49.076
40 133.38 85.92 85 85.08 84.8 43.941 48.762 48.11 48.517
41 136.61 84.8 85.12 85.92 85.68 48.779 47.086 44.337 45.123
42 139.95 86.04 85.72 85.2 86.4 46.09 47.559 46.877 43.106
43 143.21 84.96 85.68 85.4 86.6 46.511 47.063 49.761 42.107
44 146.53 86.28 84.68 86.92 85.56 46.474 47.517 42.097 47.211
45 149.79 85.6 87.28 85.36 85.48 45.899 43.012 44.917 47.094
46 153.08 86.28 86.4 86.12 85.92 47.022 42.841 46.69 46.49
47 156.31 85.8 85.84 86.64 85.84 44.249 45.531 46.259 47.319
48 159.51 85.72 86.8 86 85.72 46.772 42.7 44.448 46.564
49 162.9 86.32 85.28 87 86.04 47.718 46.284 43.426 44.785
50 166.17 86.88 85.24 86.12 86.36 44.197 46.273 44.215 46.035
51 169.63 86.92 86.08 85.84 86.04 45.254 44.324 45.52 46.385
52 172.87 86.04 85.72 86.36 86.84 46.871 46.289 45.6 42.515
53 176.17 86.2 86.56 85.84 86.16 46.101 43.093 45.85 44.348
54 179.46 87.44 86.92 86.48 84.24 44.888 43.947 43.569 48.68
55 182.76 85.44 85.96 86.36 85.92 47.422 45.334 45.604 44.965
56 186.07 86 87 85.08 86.52 45.393 43.837 47.684 44.999
57 189.38 86.12 86.2 87.24 84.52 45.298 46.16 41.292 50.41
58 192.73 85.44 85.2 85.76 86.8 47.373 47.247 47.347 42.992
59 195.97 86.16 84.64 86.64 85.2 47.157 50.208 43.318 48.454
60 199.29 85.8 84.28 84.8 85.32 46.046 52.455 50.255 46.968
61 202.58 84.96 85.48 86.2 84.92 52.101 47.351 46.405 50.253
62 205.9 84.88 86.12 84.32 84.52 49.555 46.15 49.882 52.193
63 209.12 85.52 85.28 84 85.44 47.848 48.783 52.914 50.392
64 212.44 84.88 84.88 84.48 85.76 49.986 48.616 48.236 44.203
65 215.69 83.2 83.8 84 83.04 54.104 53.447 53.276 55.617
66 218.97 84.52 84.04 84.4 82.92 52.556 52.953 51.338 53.756
67 222.3 80.64 81.56 80.48 80.88 67.501 67.001 68.714 65.53
68 225.61 83.72 83.04 83.16 83.12 55.885 53.954 57.297 55.385
69 228.92 83.48 83.04 81.68 82.6 52.407 56.854 60.38 53.517
70 232.18 83.44 82.6 82.92 82.04 57.54 55.252 56.301 59.861
71 235.57 83.24 83.28 84.76 83.64 51.805 52.274 49.544 50.874
72 238.81 81.44 80.4 82.2 80.2 59.901 64.623 57.697 64.049
73 242.07 83.44 83.24 80.72 83.68 53.28 52.597 60.616 53.557
74 245.39 82.68 82.8 82.64 84.28 55.117 53.094 53.859 50.635
75 248.68 83.8 83.76 83.76 84.4 52.5 53.634 52.824 51.126
76 251.99 84.04 83.24 83.76 84.04 50.242 55.474 53.188 53.256
77 255.32 86 84.6 84.8 83 43.635 51.703 50.296 57.621
78 258.66 83.64 83.72 84.88 84.28 52.629 47.818 47.283 49.742
79 261.95 82.32 83.28 82 83.56 58.559 57.619 57.28 54.211
80 265.36 83.76 82.88 84.64 83.96 54.456 55.966 51.474 53.285
81 268.64 83.24 82.44 84.6 83.28 55.333 53.814 50.987 55.854
82 271.87 82.48 83.6 83.2 82.24 58.451 55.375 54.06 60.865
83 275.22 83.12 83.88 82.96 83.72 54.053 54.749 52.935 54.946
84 278.57 82.2 82.36 82 82.2 61.267 62.553 62.053 61.879
85 281.9 81.88 83.72 81.56 81.76 64.615 55.729 63.123 63.127
86 285.22 84.44 83.6 84.12 82.84 53.697 55.179 53.718 56.557
87 288.5 81.44 80.96 81.08 80.2 64.636 62.903 64.551 65.185
88 291.82 83.2 83.12 82.24 83.48 57.472 58.831 59.903 61.076
89 295.24 83.64 84.6 84.72 84.36 56.83 50.341 53.246 55.781
90 298.54 82.52 83.88 84.44 84.56 61.78 57.98 52.804 50.811
91 301.82 82.2 82.72 83.6 82.28 56.388 59.036 58.021 60.981
92 305.09 84.12 85.04 84.76 83.44 51.812 48.674 52.531 54.572
93 308.51 83.4 84.72 83.8 84.44 51.864 50.009 55.073 50.017
94 311.7 84.76 84.88 85.48 86.28 53.165 53.1 52.924 49.765
95 315.06 83.36 84.44 84.76 83.88 64.852 59.12 60.793 61.913
96 318.34 84.16 84.68 85.52 85.04 58.059 55.954 51.059 51.922
97 321.67 84 85.36 85.48 85.4 55.271 50.376 47.044 51.742
98 325.01 83.48 83.96 83.2 84.36 61.59 56.913 60.814 56.881
99 328.31 86.76 85.96 86.76 86.08 44.247 48.643 46.004 46.33
100 331.62 86.56 85.28 85.28 84.88 44.227 54.708 57.496 54.741
101 334.94 86.64 85.88 86.04 86.32 47.508 48.057 48.763 48.891
102 338.21 85.76 88.48 86.8 86.92 48.438 42.272 46.677 46.682
103 341.54 85.8 87.72 86.04 86 50.462 41.649 47.193 46.876
104 344.83 85.28 84.84 83.8 84.8 58.152 58.807 59.97 55.321
105 348.25 86.32 87.76 86.84 86.44 52.169 43.099 48.407 50.063
106 351.6 87.96 87.36 87 87 42.37 45.353 46.885 48.373
107 354.89 87.12 87.88 86.76 86.16 44.646 44.602 47.481 52.243
108 358.14 86.2 86 86.16 85.12 52.531 53.613 50.548 59.116
109 361.43 85.24 87.12 85.44 86.92 55.413 47.687 59.428 55.119
110 364.76 86.88 86.6 86.92 84.88 52.565 50.228 50.966 63.381
111 367.96 86.48 86.44 84.92 85.68 60.111 58.361 63.734 61.526
112 371.31 87.96 87.32 87.4 88.28 50.922 50.018 50.673 49.436
113 374.52 87.88 87.92 86.96 86.92 50.256 47.388 53.402 55.585
114 377.76 87.76 87.2 86.36 86.8 54.134 58.368 54.839 54.849
115 381.16 86.84 87.28 87.56 87.24 56.023 51.514 48.855 58.434
116 384.49 88.28 87.16 88.56 88.12 51.892 53.614 47.129 53.028
117 387.84 88.52 86.68 85.72 87.28 50.112 63.674 62.649 59.703
118 391.14 87.28 87.64 88.28 87.36 52.503 55.469 50.608 54.833
119 394.44 89 88.72 88.48 88.04 50.112 48.155 47.98 50.672
120 397.77 87.56 88.2 87.28 88.76 52.256 51.29 58.393 51.951
121 401.04 88.8 89.32 89.6 88.36 51.839 49.936 43.705 51.979
122 404.36 88.56 88.4 88.72 89.12 52.039 51.488 55.809 52.528
123 407.65 89.28 88.32 88.72 88.72 47.194 54.987 51.843 54.371
124 411 86 87.84 88.56 87.2 77.623 67.409 64.674 62.141
125 414.3 89.12 89.04 89.04 89.84 51.535 53.066 52.522 49.467
126 417.62 88.36 90.32 90.04 88.28 55.137 45.552 51.919 62.221
127 420.92 88.8 89.76 89.4 89.36 57.593 48.973 51.726 49.696
128 424.19 89.52 89 90.08 90.44 58.938 58.476 50.992 47.755
129 427.42 89.52 89.64 89.56 89.2 54.321 53.13 53.134 51.724
130 430.73 90.6 89.96 88.52 89.64 50.137 53.866 56.392 56.796
131 434.04 90.56 89.88 89.36 88.44 49.124 52.893 56.137 62.67
132 437.34 90.52 89.2 90.12 89.4 54.143 55.681 49.301 55.702
133 440.59 90.36 89.84 89.76 89.96 55.536 59.966 56.58 48.188
134 443.91 90.88 89.72 88.6 89.76 51.295 54.964 64.047 57.977
135 447.19 90.12 90.2 90.28 89.52 53.108 54.111 52.301 59.146
136 450.56 90.08 90.28 89.72 89.44 55.457 53.294 58.111 58.644
137 453.83 89.76 90.24 90.48 89.84 59.098 51.992 52.716 58.294
138 457.1 89.96 90.2 90.04 90.12 55.26 53.681 55.612 57.951
139 460.37 89.8 91.28 90.48 88.92 60.69 47.48 53.733 60.353
140 463.69 89.84 90.68 90.16 90.08 59.047 48.049 63.754 52.966
141 466.94 89.2 89.96 91.28 90.12 62.193 54.83 51.764 53.557
142 470.31 90.36 91.44 89.68 90.12 51.143 51.512 60.797 60.525
143 473.72 90.12 90.64 90.08 90.32 58.644 54.03 57.192 52.337
144 476.94 89.92 91.2 89.92 89.96 58.6 52.129 57.624 56.239
145 480.31 90.72 89.88 90.24 90.04 54.74 60.907 56.825 55.356
146 483.63 90.24 90.4 90.12 90.28 55.501 52.49 59.888 56.331
147 486.89 89.92 90.36 91 89.52 57.449 54.495 52.735 58.719
148 490.2 89.6 90.64 90.68 90.08 60.201 53.031 51.18 60.694
149 493.51 89.36 90.48 89.76 90.92 62.029 54.413 60.074 51.731
150 496.76 90.24 89.92 90.56 90.32 57.468 55.551 55.328 57.039
151 499.99 90.48 90.04 89.32 90.6 54.429 54.492 63.566 50.566
152 503.25 90.48 90 90.6 90.52 53.979 56.867 57.799 56.384
153 506.51 90.2 89.96 89.44 91.2 57.379 57.869 61.264 47.958
154 509.86 90.16 90.32 90.76 90 54.237 55.648 55.969 59.626
155 513.12 89.92 90 89.84 90.8 59.551 55.006 54.816 55.742
156 516.43 90.16 89.36 90 91.76 57.443 65.133 57.742 45.793
157 519.68 89.68 90.12 89.92 90.84 60.211 57.607 54.741 49.676
158 523.01 91.6 89.36 89.84 90.4 48.235 60.199 61.196 55.68
159 526.32 90.44 90.12 90.84 89.56 54.263 58.431 51.965 60.814
160 529.62 89.28 89.92 90.72 90.84 65.594 54.906 54.499 51.419
161 532.97 90.52 90.08 90.04 90.08 52.038 59.682 58.127 57.139
162 536.33 90 90.92 89.48 90.6 59.653 49.409 62.819 56.849
163 539.63 90.24 90.64 89.52 90.2 59.861 57.654 58.983 56.894
164 543.03 90.4 89.52 89.88 90.28 57.454 59.61 64.638 57.472
165 546.35 89.44 90 90.52 90.68 69.139 59.424 56.248 54.651
166 549.58 89.36 89.88 90.28 90.36 60.111 66.05 57.001 59.441
167 552.9 89.48 90.92 89.48 89.6 67.515 55.626 57.103 64.881
168 556.14 90 90.36 89.28 90.16 65.318 54.269 66.292 60.02
169 559.35 89.32 90.68 89.72 89.88 68.734 52.745 66.067 61.62
170 562.74 89.92 89.48 89.4 89.92 65.331 60.748 63.614 60.799
171 566.06 89.68 89.12 90.16 89.64 64.598 68.407 56.729 66.949
172 569.4 90.08 89.52 89.32 90 61.942 64.414 66.561 60.739
173 572.82 89.84 88.88 90.2 88.36 62.559 68.061 65.573 72.178
174 576.06 88.44 89.04 89.56 89.44 74.971 64.121 60.768 60.486
175 579.38 89.6 88.32 89.32 88.76 58.737 68.177 61.63 64.594
176 582.66 88.8 89.52 88.44 88.68 63.419 59.54 62.271 62.62
177 585.95 88.08 88 87.68 88.2 59.869 64.213 65.925 64.835
178 589.34 88.52 89.28 88.84 88.6 58.922 58.943 60.286 64.672
179 592.64 87.44 87.04 88.64 87.96 60.596 68.349 61.532 65.853
180 595.99 87.16 88.16 88.04 88.6 61.428 59.733 60.846 65.412
181 599.15 89.48 88.84 87.52 89.28 55.3 56.133 58.338 51.305
182 602.4 88.04 87.84 87.64 88.28 57.403 64.832 63.844 62.227
183 605.71 88.56 87.08 89.12 89.24 55.364 62.209 55.028 54.129
184 609.03 88.12 88.48 87.48 87.08 57.74 60.656 63.61 66.299
185 612.31 86.96 87.96 88.36 87.88 67.365 56.625 61.307 55.107
186 615.54 89.08 88.52 87.04 88.16 49.884 55.898 59.348 57.572
187 618.83 89.44 88.68 88.52 88.24 47.411 50.928 52.364 51.345
188 622.08 87.84 87.72 87.72 87.96 58.151 58.751 58.485 53.142
189 625.4 88.12 87.76 88.2 87.44 56.529 57.991 51.221 58.644
190 628.62 86.56 87.12 87.2 88 62.167 63.242 59.183 60.478
191 631.95 87.68 85.6 88 87.4 57.369 68.484 53.464 56.939
192 635.29 85.84 86.36 87.32 85.44 67.037 65.391 65.776 73.198
193 638.53 85.6 87.36 86.36 86.24 66.156 58.656 65.705 64.256
194 641.84 86.6 86.76 87 86.12 67.263 62.03 60.434 69.929
195 645.06 87.28 87.04 87.76 86.36 58.151 64.176 52.612 63.125
196 648.36 88.64 88.6 87.8 87.84 52.568 55.226 58.227 57.224
197 651.71 87.76 87.16 88.44 87.68 58.899 60.278 47.799 55.445
198 654.97 87.36 87.52 88.32 87.6 55.634 62.368 56.601 56.566
199 658.35 89.32 87.88 87.68 88.08 48.807 51.697 57.776 51.736
200 661.59 87.6 87.4 87.16 88.16 55.511 53.464 58.98 54.558
201 664.91 87.08 87.6 89.6 87.8 63.589 59.922 45.896 62.321
202 668.18 88.24 88.12 86.96 87.96 56.772 58.439 59.857 62.731
203 671.56 85.72 85.28 84.88 85 73.748 77.866 79.504 81.255
204 674.88 86.96 88.6 87.84 87.36 62.928 60.315 59.321 62.49
205 678.15 88.32 88.92 89.16 87.2 56.464 52.257 51.034 59.184
206 681.46 88.72 88.56 88.16 87.72 51.715 54.104 50.561 59.587
207 684.76 88.4 87.68 86.4 87.92 58.417 57.859 64.836 54.498
208 688.03 88.68 88.76 88.4 88.64 53.754 55.977 55.148 60.696
209 691.27 87.84 87.72 88.08 88.96 58.919 62.429 59.706 56.721
210 694.62 90.24 88.84 88.52 88.16 51.541 54.345 59.295 56.142
211 697.87 88 89.16 88.6 88.16 59.667 59.139 57.241 59.451
212 701.2 89.12 88.24 88.16 89.08 52.401 63.825 58.419 52.165
213 704.51 88.44 86.84 88.56 86.72 62.578 74.197 59.383 72.173
214 707.82 87.28 87.92 87.8 87.12 70.454 65.464 69.578 68.793
215 711.05 88.36 87.6 88.08 89.32 60.318 67.578 65.348 57.263
216 714.35 88.68 89.04 88 88.12 65.343 56.578 58.95 56.344
217 717.55 88.4 90.04 89.96 88.84 65.874 53.586 54.19 61.479
218 720.9 88.92 88.84 87.84 87.8 56.318 60.812 69.154 67.08
219 724.18 90.16 88.92 88.88 88.72 52.525 60.907 58.381 59.092
220 727.45 89.32 90.16 89.6 88.84 58.569 51.282 59.364 63.354
221 730.78 89.16 89.72 89.72 89.68 58.517 53.851 54.715 56.101
222 734.11 89 90.08 89.44 88.6 58.801 55.757 58.142 64.374
223 737.46 90.04 89.56 89.04 88.96 56.94 59.422 60.032 61.19
224 740.82 89.56 90.64 89.84 89.76 60.472 54.063 57.348 59.353
225 744.1 90 89.16 90.92 89.04 61.104 62.756 52.801 62.314
226 747.4 89.24 90.24 89.32 89.92 66.502 53.906 55.972 57.934
227 750.73 90.32 90.08 89.64 90.08 61.703 53.343 65.002 58.072
228 754.01 89.52 89.96 90.36 89.16 66.719 59.403 59.606 63.534
229 757.35 89.6 90.2 91 89.04 62.451 60.624 58.506 67.745
230 760.66 90 90.48 89.28 89.72 63.403 61.68 64.43 63.156
231 763.88 90.36 90.52 89.56 90.48 62.154 58.907 61.116 62.684
232 767.22 90.08 90.6 90.16 90.2 61.398 61.774 63.42 59.689
233 770.54 90.28 91.16 90.28 89.6 55.77 56.806 58.02 69.192
234 773.86 90.44 89.84 89.84 91.24 62.481 66.517 59.796 52.873
235 777.16 91.16 90.48 90.4 89.76 54.883 67.382 56.318 67.068
236 780.45 90.44 91 89.88 90.32 59.635 58.731 64.765 59.943
237 783.77 90.72 90.16 89.52 91.28 56.726 61.021 68.896 56.355
238 787.06 90.16 90.24 90.8 90.52 63.618 61.28 56.796 63.414
239 790.33 90.08 90.56 90.72 90.56 60.32 65.096 57.562 59.474
240 793.62 89.68 91.04 91.48 89.84 63.106 57.503 53.342 70.431
241 796.9 89.92 90.08 90.68 91.12 64.868 63.121 61.553 54.221
242 800.11 89.96 89.88 91.48 91.2 67.808 63.803 55.812 55.553
243 803.46 90.88 89.8 91.2 90.4 61.304 65.723 54.08 62.296
244 806.75 90.48 91.16 90.92 89.88 60.6 56.263 62.667 64.837
245 810.01 89.36 91.24 90.92 90.84 67.584 56.288 60.588 61.757
246 813.31 90.72 89.6 90.04 91.32 63.173 62.48 62.498 56.271
247 816.55 90.32 90.4 91.04 90.12 63.993 61.37 57.172 60.7
248 819.89 91.04 90.2 90.32 90.68 58.782 61.417 65.826 60.97
249 823.26 89.68 91.4 90.32 91.2 68.558 55.641 62.49 56.291
250 826.6 91.04 89.36 90.48 91.64 63.056 64.825 59.471 57.032
251 829.9 90.44 91.12 90.12 90.76 64.306 58.453 60.074 62.017
252 833.16 91.48 89.76 90.04 90.96 54.797 65.697 64.181 59.751
253 836.52 91.16 90.56 90.12 90.56 56.112 62.718 60.507 67.894
254 839.87 90.84 90.72 90.28 89.8 60.638 56.907 65.249 64.644
255 843.09 90.72 91.2 90.92 89.68 58.542 57.954 61.965 66.494
256 846.47 90.76 91.16 90.36 90 63.898 59.083 57.457 65.817
257 849.8 90.4 90.88 90.44 90.72 55.567 60.365 64.324 62.375
258 853.09 90.52 90.52 90.64 90.64 63.339 61.432 60.081 61.094
259 856.48 91.04 90.64 90.52 90.56 55.513 62.932 60.684 63.062
260 859.81 89.96 90.44 90.32 91.44 66.191 64.71 64.858 52.946
261 863.08 91.36 90.6 89.88 90.48 57.23 61.191 66.139 58.419
262 866.4 90.6 91.08 90.64 89.92 58.856 55.141 66.188 64.944
263 869.69 89.48 90.84 91.64 90.56 67.565 59.386 56.576 61.538
264 872.96 90.44 89.56 90.56 91.68 61.038 66.029 64.264 52.042
265 876.27 90.64 89.76 91.56 90.08 56.97 72.817 54.495 63.359
266 879.57 91.44 90.56 90.96 89.48 51.955 66.953 59.542 69.225
267 882.93 90.32 91.68 89.92 89.92 67.983 51.63 69.845 63.666
268 886.18 90.24 90.8 90.36 90.32 68.126 56.607 59.523 65.198
269 889.48 90.28 90.76 89.88 90.6 62.279 62.805 62.869 61.08
270 892.85 90.48 90.6 90.16 89.56 63.03 62.616 61.828 73.549
271 896.13 90.12 89.84 90.12 91 62.392 67.359 68.317 57.733
272 899.42 91.16 90.2 89.2 90.36 61.517 65.232 73.478 56.929
273 902.72 89.96 90.88 90.48 90.72 71.514 56.339 67.039 62.664
274 906.02 92 89.4 90.72 89.24 56.668 72.714 63.409 70.116
275 909.32 90.52 89.64 89.68 89.8 65.099 72.043 75.475 70.074
276 912.64 90.92 89.76 89.56 89.72 62.871 71.121 76.413 71.108
277 915.94 88.68 89.08 90.16 89.88 70.052 73.476 67.941 68.243
278 919.17 88.56 89.88 90.24 90.24 82.504 68.043 63.311 57.663
279 922.43 88.6 88.48 89.56 90.24 75.532 68.094 69.654 65.466
280 925.79 89.28 89.6 89.24 88.52 65.968 63.141 71.171 74.241
281 929.05 89.44 89.12 89.36 90 66.321 70.9 66.348 62.542
282 932.31 88.28 88.6 88.48 88.48 69.567 74.571 74.082 78.523
283 935.66 89.04 89.2 88.68 89.12 68.995 62.874 63.174 70.486
284 938.99 87.48 87.64 87.68 88.04 74.078 72.624 78.469 73.192
285 942.25 87.68 89.56 88.4 89.08 64.98 55.509 69.353 59.014
286 945.48 88.4 89 89.08 89.52 62.165 65.051 68.862 64.699
287 948.83 88.36 89.32 88.12 88.44 64.773 56.349 65.762 64.439
288 952.19 88.56 89.76 88.48 88.84 58.735 55.301 66.45 58.032
289 955.46 87.64 88.8 88.28 87.52 69.828 64.702 67.369 67.419
290 958.87 86.56 86.04 86 87.8 76.48 80.703 82.251 63.014
291 962.13 88.44 88.8 89.68 88.64 56.708 58.061 50.178 60.362
292 965.48 88.68 88.56 88.52 88.4 61.384 60.224 65.449 63.522
293 968.76 88.48 89.8 88.04 87.88 57.114 61.576 61.612 61.903
294 972.16 87.76 88.68 88.12 87.8 63.614 59.667 65.434 62.403
295 975.51 86.64 86.76 87.48 87.44 70.693 73.765 67.811 77.369
296 978.82 88.76 87.4 88.76 88.48 65.041 67.216 61.855 58.979
297 982.16 87.96 87.44 88.16 89 64.491 68.675 59.693 57.118
298 985.53 89.36 87.76 87.84 87.56 54.694 64.445 63.276 69.985
299 988.86 87.52 88.8 88.8 88.44 64.373 57.127 61.968 57.367
300 992.13 87.32 88.12 87.24 87.96 69.465 61.98 68.794 67.279
301 995.52 89.08 88 87.84 88.48 54.755 65.861 65.514 58.169
302 998.8 87.96 86.88 87.96 86.56 66.061 66.757 58.977 77.408
303 1002.14 88.08 87.12 88.36 88.16 63.831 69.715 61.307 66.503
304 1005.47 88.88 88.4 88.72 89.4 63.203 58.041 57.265 56.987
305 1008.74 88.6 89.24 89.36 88.92 65.701 58.981 55.683 58.315
306 1012.04 88.96 88.84 88.92 88.56 60.071 61.436 59.935 58.528
307 1015.39 89.08 88.44 87.48 87.48 60.585 63.025 62.468 62.379
308 1018.66 89.28 88.88 88.76 88.68 57.544 59.186 62.975 61.061
309 1022.05 88.6 89.24 88.52 89.12 59.454 54.904 63.236 61.296
310 1025.38 89.04 87.64 88.4 88 57.979 61.754 64.61 68.251
311 1028.63 89.32 88.72 87.8 88.44 58.479 68.004 68.766 62.824
312 1031.89 88.12 89.64 89.88 88.84 65.04 58.854 57.245 65.196
313 1035.15 89.64 88.6 89.04 90.36 57.578 62.771 67.218 55.851
314 1038.49 88.56 88.44 87.6 88.4 73.599 60.745 71.416 65.895
315 1041.7 88.8 89.32 89.92 89.04 61.138 61.789 55.033 55.014
316 1045.03 88.92 89.96 89.68 89.16 62.991 59.291 57.963 64.177
317 1048.3 88.64 88.92 90.32 88.52 65.358 63.98 56.146 68.849
318 1051.58 89.96 89.84 89.68 90.16 55.244 60.309 66.188 59.617
319 1054.84 89.84 89.52 89.92 89.84 58.283 61.322 57.477 64.359
320 1058.06 88.76 88.68 88.52 89.84 66.212 71.717 65.309 57.11
321 1061.39 89.16 89.8 89.68 90.68 68.914 66.124 64.016 55.392
322 1064.62 89.8 90.16 89.6 88.8 66.858 58.032 56.843 67.456
323 1067.94 90 88.92 90.56 91.08 64.818 68.655 63.028 45.287
324 1071.25 90 89.36 90.24 90.56 58.055 63.078 61.625 61.356
325 1074.61 90.04 89.48 90.2 90.36 61.571 68.639 56.083 53.996
326 1078 89.4 91.16 89.52 90.24 61.307 57.789 64.699 67.646
327 1081.3 90.6 90.28 90.44 90.08 59.856 61.844 61.919 63.446
328 1084.62 89.8 90.76 89.24 89.6 60.653 56.347 67.241 70.239
329 1087.93 90.4 90.76 90.36 89.96 61.436 65.781 60.245 65.166
330 1091.24 90.64 90.48 89.64 90.88 62.086 59.013 65.14 61.436
331 1094.45 90.68 90.16 90.36 90.92 60.346 67.368 63.314 58.896
332 1097.72 90.52 90.12 90.08 91.28 64.144 59.159 65.29 61.196
333 1100.99 90.64 91.2 91.2 89.8 61.403 54.73 59.734 71.795
334 1104.3 91.12 90.8 89.28 91.6 58.243 57.881 72.491 58.778
335 1107.66 90.76 90.72 91.4 90.08 60.785 64.141 56.83 66.463
336 1110.99 90.24 89.92 90.52 91.68 59.37 71.36 56.276 59.807
337 1114.35 90.88 91.12 90.6 90.56 60.089 60.443 64.788 60.296
338 1117.68 91.28 90.48 92.12 89.72 58.861 61.884 54.713 69.914
339 1120.99 90.6 91.04 91.56 90.32 62.264 60.943 60.021 65.354
340 1124.23 90.6 90.52 91.32 91.04 63.203 66.499 59.674 57.901
341 1127.52 90.88 90.84 91.32 90.44 57.227 66.294 58.144 66.642
342 1130.81 91.16 90.44 90.84 90.92 57.717 65.147 58.873 63.576
343 1134.06 92.04 90.2 90.76 90.92 54.851 71.309 59.808 59.515
344 1137.31 90.36 90.12 90.76 92.24 60.229 65.844 63.54 56.215
345 1140.68 91.52 90.88 90.84 89.76 61.956 56.241 57.742 70.756
346 1143.95 90.44 91.04 90.6 91 66.186 57.676 62.782 58.504
347 1147.32 91.52 90.4 90.48 90.96 61.665 59.438 64.131 60.742
348 1150.53 91.08 90.76 90.52 90.84 62.859 63.26 59.912 59.389
349 1153.79 91.64 90.72 90.64 90.44 60.574 56.33 64.834 62.108
350 1157.02 90.32 91.68 90.88 90.68 66.898 56.414 57.715 63.166
351 1160.3 90.8 91.4 90.24 90.6 64.082 57.306 60.876 63.954
352 1163.58 90.84 91.08 91.12 90.48 58.072 61.938 56.553 70.677
353 1166.91 91.12 90.64 90.44 90.96 60.153 61.339 66.162 57.16
354 1170.2 90.6 91.2 91 90.96 61.751 59.999 68.477 55.041
355 1173.5 91 91.56 90.24 90.36 62.279 55.197 67.567 60.981
356 1176.85 90.56 90.28 91.04 91.44 58.793 65.669 61.211 59.761
357 1180.22 90.36 91.84 90.56 90.36 65.109 57.04 63.828 60.639
358 1183.51 91 90.56 90.32 91.12 62.863 61.873 63.323 58.616
359 1186.81 91.28 90.4 91 90.76 59.292 67.103 57.24 63.174
360 1190.1 91.36 89.52 90.56 91.8 60.513 72.61 62.05 50.857
361 1193.33 91.16 91.16 90.88 91.12 59.484 60.523 66.619 58.152
362 1196.61 90.8 90.52 90.88 91.6 60.038 68.436 60.991 57.075
363 1199.94 91.32 90.36 90.76 91.08 55.905 65.851 70.567 55.97
364 1203.28 91.48 90.12 90.52 91.28 54.898 69.727 64.576 57.758
365 1206.59 90.48 89.8 91.36 91.64 64.27 68.119 59.807 57.277
366 1209.81 91.84 90.36 90.68 90.76 54.141 66.923 62.335 66.205
367 1213 91.04 91.32 90.6 90.52 63.428 54.308 66.019 64.368
368 1216.29 90.72 90.6 90.52 91.08 61.099 62.08 63.886 61.962
369 1219.67 91.52 91.04 90.56 90.36 58.955 56.212 69.529 64.594
370 1222.97 91 90.32 91.4 90.76 59.605 64.556 58.454 65.176
371 1226.23 91.44 91.12 90.88 90.28 61.225 60.725 67.605 66.744
372 1229.5 89.48 90.12 91.52 90.92 74.787 65.274 55.779 59.848
373 1232.85 90.44 89.96 89.88 91.16 62.117 62.649 71.084 59.475
374 1236.13 90.28 90.48 90.12 89.72 63.462 67.572 72.241 72.498
375 1239.47 90.12 91.4 89.6 90.28 71.09 54.937 70.923 66.716
376 1242.75 91.04 89.8 89.68 90.24 63.153 73.411 76.637 67.896
377 1246.05 90.88 90.84 89.36 90.88 60.445 65.038 80.046 71.447
378 1249.38 90.84 90.36 89.84 89.8 63.998 69.992 68.266 76.213
379 1252.61 88.8 90.28 89.56 90.8 78.758 62.771 69.879 63.876
380 1255.93 89.64 89.56 88.92 90.92 73.823 71.46 74.412 59.442
381 1259.2 88.4 89.64 89.12 88.64 78.933 61.586 71.528 75.71
382 1262.46 90.08 88.96 89.8 89.12 61.989 72.191 66.218 67.569
383 1265.76 89.16 88.32 89.36 89.04 64.207 73.391 65.006 70.694
384 1269.04 89.16 89.4 90.32 89 75.272 65.684 59.043 63.504
385 1272.31 88.16 88.84 88.36 88.84 76.965 67.682 69.11 68.02
386 1275.63 90.36 89.08 89.44 88.36 62.925 71.374 64.227 74.484
387 1278.96 88.32 89.08 89.04 88.68 66.789 69.368 66.515 69.295
388 1282.28 88.88 88.8 87.96 88.2 63.841 61.818 67.947 70.83
389 1285.58 89.04 89.32 88.6 89.32 63.869 59.301 68.695 62.941
390 1288.85 88.2 88.72 88.16 89.64 71.003 68.881 71.479 59.222
391 1292.15 88.36 89.08 88.4 89.92 66.999 60.779 69.869 62.565
392 1295.35 89.08 89.48 87.8 88.32 69.837 60.431 77.49 68.691
393 1298.66 88.04 89.32 88.68 89.68 68.287 62.526 67.071 61.453
394 1301.92 87.72 87.96 86.84 88.72 70.219 64.208 73.069 66.411
395 1305.25 89.12 88.44 88.48 87.24 62.564 63.881 61.946 75.823
396 1308.56 88.68 89.12 88.76 89.4 62.874 57.639 58.943 57.406
397 1311.86 88.4 88.96 89.68 88.04 64.416 61.821 54.129 62.642
398 1315.15 88.44 87.64 88.52 88.36 62.031 69.037 65.196 67.705
399 1318.49 88.12 87.72 87.36 88.2 65.019 64.511 65.405 63.042
400 1321.82 88.44 86.8 88.68 87.84 60.872 69.07 63.704 65.379
401 1325.16 88.96 89.32 87.56 88.68 52.698 58.27 61.916 65.513
402 1328.45 90 88.56 87.44 88.84 49.328 61.994 67.013 64.014
403 1331.78 89.76 88.88 88.56 89.12 56.547 65.232 67.209 62.191
404 1335.07 88.04 88.48 88.48 87.52 64.971 61.385 63.234 67.979
405 1338.32 88.36 88.96 88.36 89.04 65.769 67.13 69.786 67.68
406 1341.65 89.32 89 89.32 88.44 60.331 61.84 60.283 64.036
407 1345.01 87.8 88.24 89.2 87.8 68.024 71.953 68.144 73.485
408 1348.33 88.4 88.56 89.2 88.08 67.212 65.666 60.52 64.289
409 1351.6 88.6 88.72 88.36 87.8 64.711 70.406 72.343 69.128
410 1354.85 86.76 88.24 87.92 87.48 74.99 70.781 70.987 75.914
411 1358.19 88.8 88.16 88.96 88.92 63.234 62.712 61.359 57.822
412 1361.47 89.32 89.2 89.28 88.64 62.245 66.362 63.775 65.15
413 1364.8 89.88 90.32 89.76 89.28 61.336 61.209 56.981 61.987
414 1368.15 89.72 90 89.84 89 62.827 61.297 54.762 63.107
415 1371.48 89.12 89.72 89.76 89.92 65.776 58.94 59.013 55.676
416 1374.81 89.76 89.6 89.72 89.48 61.986 63.325 63.654 63.211
417 1378.14 89.96 89.8 89.32 90.6 61.093 61.995 60.508 63.595
418 1381.52 89.28 90.12 90.44 90.2 63.181 59.407 57.038 58.043
419 1384.89 89.96 90.56 89.6 89.04 64.648 57.499 62.524 63.963
420 1388.16 89.28 90.4 89.32 90.4 66.905 58.666 71.415 58.95
421 1391.38 89.8 90.08 90.28 90.08 58.309 62.665 61.813 59.826
422 1394.72 89.72 89.32 89.92 91.56 66.984 67.292 70.941 55.712
423 1397.91 90.44 91 90.32 89.48 55.871 61.367 65.618 70.018
424 1401.3 90.44 89.92 90.12 91.36 64.253 62.795 63.812 57.229
425 1404.67 90.16 90.6 90.36 90.92 70.326 63.689 57.847 61.383
426 1407.98 90.6 90.8 90.6 90.08 70.712 63.763 62.798 63.021
427 1411.3 90.36 90.32 90.68 90.48 63.978 64.558 60.647 65.824
428 1414.55 90.84 90.84 90.52 90.28 57.45 60.384 62.826 73.261
429 1417.88 90.68 90.96 90.12 91 61.644 65.864 66.017 59.243
430 1421.21 90.76 90.16 91.48 90.84 66.509 68.052 54.566 68.546
431 1424.61 91.68 90.24 90.56 90.76 55.163 73.016 68.13 60.244
432 1427.87 90.56 90.52 90.92 90.88 62.559 64.963 63.597 62.828
433 1431.13 90.88 91.48 90.68 90.72 64.235 65.18 62.197 59.215
434 1434.47 91.96 90.44 90.32 90.88 51.773 68.481 67.809 59.277
435 1437.69 90.64 90.68 90.48 91.44 58.347 66.685 67.384 60.37
436 1441.12 90.68 91.04 90.04 91.92 59.801 67.129 71.432 55.602
437 1444.34 91.08 90.52 90.92 91.12 63.757 68.042 58.596 60.409
438 1447.56 91.16 91.96 90.32 90.6 61.327 57.946 68.298 66.378
439 1450.86 91.4 90.56 90.68 91.28 60.127 69.301 60.803 61.889
440 1454.17 90.68 91.8 91.12 90.8 61.459 58.006 65.726 68.138
441 1457.49 90.36 91.52 90.72 91.2 61.18 65.652 66.424 62.218
442 1460.8 91.64 90.72 91.32 90.52 62.403 63.847 61.394 65.183
443 1464 91.28 91.24 90.68 90.64 67.632 56.596 62.56 63.93
444 1467.31 90.68 91.28 90.84 91.44 65.438 64.184 64.599 57.697
445 1470.68 91.76 90.92 91.4 90.2 61.345 63.375 59.131 68.142
446 1474.02 91.72 91.12 90.16 91.2 62.028 60.504 68.991 60.589
447 1477.25 91.88 90.28 91.4 90.6 60.068 66.202 60.495 65.551
448 1480.5 91 90.76 91.36 91.12 67.17 60.745 58.252 66.597
449 1483.82 91.12 91.12 90.96 90.96 59.976 60.472 64.25 66.779
450 1487.19 90.36 91.4 91.48 90.64 68.562 55.346 62.712 62.212
451 1490.44 91.44 91.08 91 90.6 62.303 66.049 63.297 60.523
452 1493.61 91.8 91.08 90.24 91.12 52.252 62.557 73.576 64.42
453 1496.93 90.8 91.52 90.16 91.36 61.121 63.629 70.236 56.661
454 1500.21 90.88 91.12 90.8 91.08 62.16 68.101 62.898 57.477
455 1503.54 90.16 91.88 91.56 90.64 68.457 61.116 54.859 66.774
456 1506.85 91.24 91.32 90.36 91.2 61.076 60.294 68.691 62.024
457 1510.12 91.2 90.68 91.6 90.32 61.827 66.67 54.127 70.114
458 1513.49 91.16 91.64 90.04 91.36 61.564 60.788 71.803 59.042
459 1516.82 90.64 91.64 90.76 90.72 66.631 59.841 61.637 61.55
460 1520.07 91.72 90.56 90.64 90.96 55.132 65.513 66.814 65.496
461 1523.36 89.88 91.36 91 91.92 73.237 56.407 66.224 59.313
462 1526.68 91.24 91.24 90.88 90.6 59.281 64.069 68.484 62.369
463 1529.94 91.24 91 91.52 90.08 61.181 57.461 61.974 75.36
464 1533.3 91.32 90.76 91.36 90.24 56.92 68.451 57.288 72.558
465 1536.64 90.88 91.36 91.08 90.32 61.32 57.944 65.198 70.368
466 1540 90.68 91.28 90.76 91.04 65.94 60.089 69.453 57.836
467 1543.38 91.88 90.28 91.76 90.2 57.62 68.98 60.126 72.649
468 1546.69 90.52 91.6 91.12 91.16 70.401 62.026 66.799 56.141
469 1549.98 91.92 91.6 90.68 89.52 57.056 57.361 64.638 76.307
470 1553.25 90.92 92.12 90.8 89.96 60.358 60.771 65.895 72.774
471 1556.5 90.88 91.28 90.64 90.96 66.505 63.601 67.909 60.392
472 1559.74 90.8 90.2 91.92 90.64 66.064 69.993 61.49 63.977
473 1563.04 91.32 91.36 90.48 91 62.614 66.955 72.922 61.537
474 1566.3 90 90.28 91.28 91.36 67.468 73.773 66.471 61.932
475 1569.58 90.56 90.52 90.68 91 66.356 67.296 70.485 63.003
476 1572.83 90.28 90.72 90.4 90.44 73.676 65.642 63.765 69.94
477 1576.04 92 89.68 91.12 89.96 60.008 64.81 67.967 70.794
478 1579.27 89.84 90.36 91.64 90.4 67.263 66.979 61.304 71.19
479 1582.6 91.16 89.84 90.16 91.32 61.339 78.89 69.185 68.412
480 1585.92 91.56 90.72 90.68 89.6 61.992 79.387 73.409 70.507
481 1589.3 90 90.08 89.68 90.32 71.373 78.021 70.834 72.007
482 1592.57 90 89.64 90.36 89.72 74.472 77.991 76.174 74.632
483 1595.92 89.2 89.52 89.32 89.68 74.832 68.07 77.664 74.391
484 1599.23 89.28 88.84 90.2 88.8 66.143 71.661 64.719 75.196
485 1602.47 88.96 90.48 90.32 88.2 65.943 58.719 60.665 76.611
486 1605.78 89.28 89.12 89.68 90.12 71.1 67.08 57.397 60.793
487 1608.97 88.92 88.96 89.72 88.72 69.84 65.616 64.091 70.055
488 1612.18 88.64 88.92 89.8 88.2 66.729 60.352 63.178 65.5
489 1615.5 89.04 88.56 89.56 89.52 67.621 63.807 61.878 58.882
490 1618.8 89.68 89.92 88.44 89.08 58.646 61.599 66.709 67.097
491 1622.05 87.72 88.68 88.88 87.44 70.853 62.19 62.962 71.106
492 1625.32 88.8 87.96 88.2 89.44 64.332 70.405 63.903 56.961
493 1628.63 89.72 88.88 89.2 88.48 58.682 64.897 64.529 67.451
494 1631.9 89.04 88.2 88.16 88.6 68.986 63.824 72.925 63.288
495 1635.18 89.76 88.72 88.56 89.28 55.832 66.572 62.243 58.559
496 1638.49 88.56 88.88 88.28 88.68 72.741 68.252 68.416 68.875
497 1641.86 88.32 89.52 88.2 89.08 72.247 60.495 72.561 63.431
498 1645.2 88.88 89.04 89.04 89 65.907 60.199 59.75 55.593
499 1648.56 88.96 87.76 89.44 88.44 58.531 70.689 56.722 63.812
500 1651.86 88.16 87.76 87.84 89.12 67.994 72.768 69.961 68.951
501 1655.17 88.52 89 88.12 88.44 66.578 60.378 69.225 68.324
502 1658.44 88.04 88 88.96 88.8 68.5 70.665 58.275 64.666
503 1661.8 89.04 89.8 87.44 88.56 65.572 60.023 75.633 68.651
504 1665.15 89.04 89.24 88.36 88.2 61.151 60.081 65.411 66.744
505 1668.47 88.04 90.24 89.68 89.68 66.114 52.916 56.184 59.189
506 1671.81 89.24 88.44 89.52 89.2 63.13 66.206 62.174 61.639
507 1675.12 89.56 89.44 89.48 89.88 60.483 61.621 62.894 54.52
508 1678.47 89.04 89.28 89.32 89.28 69.682 61.735 65.356 62.854
509 1681.75 89 87.88 89.84 89.08 57.259 69.763 63.351 63.509
510 1685 88.72 88.48 87.84 86.96 72.653 70.376 74.349 83.806
511 1688.31 88.72 89.72 90.44 89 62.162 56.083 55.771 63.401
512 1691.59 90.56 89.52 90.56 89.2 54.278 64.927 61.821 65.944
513 1694.88 89.32 89.44 88.8 89.04 67.366 61.404 60.578 61.306
514 1698.2 89.96 89.96 89.44 89.28 55.231 57.406 62.923 59.913
515 1701.53 90.64 88.8 89.84 89.64 57.091 70.762 63.364 64.49
516 1704.71 89.68 89.8 90.56 88.52 62.801 63.116 56.094 66.661
517 1707.98 89.2 90.12 89.36 89.32 69.701 54.289 66.852 64.077
518 1711.24 88.56 89.64 90 90.08 67.368 58.724 59.56 59.852
519 1714.55 90.64 89.88 89.8 90.64 58.038 58.784 61.386 57.988
520 1717.85 89.64 90.04 89.44 90.56 63.018 68.086 61.439 65.763
521 1721.2 89.64 88.92 90.84 90.2 60.462 66.612 57.017 62.914
522 1724.59 91.08 90.32 90.56 88.72 58.624 56.699 59.664 77.623
523 1727.88 90.72 89.56 89.72 90.48 59.879 67.726 68.458 64.376
524 1731.14 91.08 89.16 91.4 90.08 59.859 73.696 58.771 66.588
525 1734.44 90.76 90.16 90.12 90.32 60.838 62.655 68.38 62.632
526 1737.73 90.2 89.92 90.92 91.56 64.789 67.05 57.931 59.062
527 1741.03 90.16 90.88 90.16 90.96 67.699 59.981 65.705 58.886
528 1744.37 91 91.24 90 91.2 63.739 57.103 69.507 60.279
529 1747.73 90.72 91.16 90.84 90.24 60.091 59.581 64.404 64.236
530 1750.95 91.56 90.84 89.88 90.88 62.466 60.877 64.964 61.818
531 1754.25 90.24 91.16 90.92 91.04 66.074 61.401 60.231 64.027
532 1757.56 90.48 91.36 91.2 90.56 63.23 60.196 61.481 64.917
533 1760.86 90.8 90.68 91.36 90.68 61.797 68.061 52.872 66.388
534 1764.18 91.76 91.36 91.28 89.6 60.756 55.578 60.34 73.391
535 1767.53 90.52 91.52 90.96 90.76 68.701 53.991 61.271 63.66
536 1770.77 91.04 90.48 90.68 91.48 56.94 65.687 66.386 60.733
537 1774 91.2 91.76 90.48 90.16 59.688 58.383 62.451 68.433
538 1777.33 91.48 90 91.72 90.68 59.59 71.236 55.771 63.663
539 1780.69 91 91.28 90.44 91.44 63.416 57.051 64.491 63.119
540 1784.05 91 91.2 91.56 90.12 61.227 60.948 57.959 69.678
541 1787.35 91.08 90.28 91.12 91.4 63.976 68.142 64.358 55.327
542 1790.62 90.48 91.28 91.16 90.8 66.461 62.133 60.686 60.497
543 1793.94 90.72 90.72 90.68 91.8 59.038 64.825 66.984 58.593
544 1797.27 91.16 90.48 91.28 91.36 60.366 68.484 64.992 57.094
545 1800.59 90.32 92.04 90.76 90.68 68.219 53.167 68.737 60.805
546 1803.91 91.36 91.52 90.56 90.64 61.57 59.854 62.278 65.903
547 1807.24 90.28 90.84 91.12 91.88 66.386 63.739 66.347 54.995
548 1810.57 91.36 90.44 91.52 90.72 63.936 65.063 59.933 62.916
549 1813.77 90.48 90.68 91.36 91.04 61.434 65.466 58.08 64.766
550 1817.08 92 91.04 91.16 89.76 56.547 56.042 62.753 72.8
551 1820.36 91.16 91.88 90.36 90.92 65.992 52.984 63.514 64.858
552 1823.63 90.92 91.8 90.16 91.28 61.631 55.656 72.289 59.387
553 1826.86 90.16 91.64 91.28 91.12 71.8 57.423 61.599 60.714
554 1830.22 91.6 91.24 90.84 90.36 54.818 63.227 60.312 70.269
555 1833.47 91.2 90.16 91.56 91.12 55.472 73.803 61.17 62.109
556 1836.77 90.48 91.64 90.52 91.28 66.528 58.968 67.217 56.802
557 1839.97 91.48 90.6 90.68 90.88 59.288 69.763 58.143 62.373
558 1843.22 90.52 90.88 91.08 91.52 65.376 59.898 65.289 58.287
559 1846.46 90.32 91.44 91.12 91 64.173 64.334 63.962 58.386
560 1849.72 90.68 91.92 90.68 90.76 66.327 56.888 61.847 64.971
561 1853.05 91.6 90.44 90.56 91.2 59.115 70.188 60.449 59.057
562 1856.37 90.56 91.36 91 91.08 63.809 63.338 65.55 57.358
563 1859.61 90.72 91.04 91.28 90.68 64.713 63.679 56.63 67.526
564 1862.9 90.52 90.44 91.52 91.08 65.306 63.067 58.829 64.205
565 1866.19 90.88 91.76 91.2 89.92 65.413 53.697 63.087 71.465
566 1869.45 91.2 90.92 90.24 91.76 63.869 67.028 68.596 54.377
567 1872.75 92.64 90.6 90.76 89.68 45.856 70.355 62.286 73.721
568 1875.98 91.28 91.4 91.16 90.36 60.003 56.932 69.679 63.341
569 1879.19 90.92 90.6 90.72 91.88 66.559 64.051 66.043 56.053
570 1882.53 90.52 91.12 90.48 91.56 64.056 62.185 66.52 59.365
571 1885.82 91.2 91.08 91.24 90.36 65.736 62.451 63.736 63.582
572 1889.17 91.24 91.36 90.52 90.44 66.111 61.236 66.279 60.572
573 1892.55 91.44 91.28 90.76 90.64 57.653 67.978 62.096 67.797
574 1895.84 91.84 91.44 90.16 90.24 64.764 56.729 69.072 66.834
575 1899.19 90.6 91.52 90.12 91.04 66.451 59.219 72.15 64.411
576 1902.46 90.28 90 90.8 91 67.634 66.981 67.176 65.749
577 1905.78 90 90.92 90 91.72 73.273 62.951 65.102 59.892
578 1909.13 91.2 90.56 90.72 90.48 68.086 70.527 66.386 66.295
579 1912.34 90.68 91.2 90.36 91 65.086 62.996 68.414 66.938
580 1915.74 91.4 90.8 90.2 89.84 59.235 66.943 68.321 74.878
581 1918.97 89.88 90.12 90.52 89.24 71.179 70.031 71.601 76.411
582 1922.26 90.04 89.92 89.92 89.88 67.361 71.271 76.778 69.868
583 1925.56 90.68 89.52 90.04 89.12 64.218 74.166 71.941 78.949
584 1928.84 88.48 89.24 89.6 90.16 82.772 66.476 71.907 62.719
585 1932.18 88.8 89.4 88.24 89.28 75.196 65.431 79.209 68.655
586 1935.46 89.6 88.92 88.72 88.72 68.176 69.589 72.43 71.736
587 1938.67 88.96 89.56 89.52 89.44 66.905 63.513 66.062 66.656
588 1941.97 87.2 88.6 87.4 87.8 79.722 74.044 76.095 84.319
589 1945.35 90.2 88.44 89.12 89.4 60.418 70.16 67.328 62.486
590 1948.77 88.68 90.08 89 89.16 68.451 54.826 74.338 66.625
591 1952.08 88.16 88 88.16 88.88 68.528 75.392 72.64 68.292
592 1955.39 89.04 88.64 89.32 88.56 68.894 65.834 63.749 68.455
593 1958.72 88.36 88.48 89.68 90.32 63.73 64.359 65.123 60.463
594 1962.09 89.28 88.48 88.04 90.16 65.843 69.662 69.282 53.641
595 1965.34 89.32 89 89.32 88.96 62.144 65.131 61.866 61.799
596 1968.57 89.32 89 88.68 88.92 62.181 63.271 60.374 62.658
597 1971.88 88.28 88.24 88.24 88.52 69.271 68.076 70.189 60.907
598 1975.15 89.12 89.16 89.28 89.48 62.194 60.353 62.127 55.271
599 1978.47 88.12 88.44 88.4 88.76 58.391 65.68 68.609 67.94
600 1981.73 88.6 87.68 88.2 87.6 59.591 73.374 67.703 74.334
