1 15.7900 30.0500 182.3150
2 26.9300 41.3400 162.0230
3 38.3200 47.8500 142.8900
4 49.6100 54.3400 131.0420
5 60.8900 60.9500 111.9750
6 72.1300 67.6700 93.1240
7 83.3200 71.7700 80.0390
8 94.7200 76.2900 72.1760
9 105.9700 76.9500 66.6120
10 117.2700 78.4400 65.4580
11 128.6700 79.3500 62.5170
12 140.0500 81.1000 57.2600
13 151.3000 84.4700 46.3070
14 162.6700 84.7200 45.6050
15 173.9900 84.8900 45.6140
16 185.3000 85.3600 43.3370
17 196.2600 86.1500 42.5830
18 207.5500 85.4100 44.3210
19 218.6200 84.3600 50.6280
20 229.5800 86.8500 42.2280
21 240.9300 86.0500 45.8480
22 252.0300 87.2600 39.6050
23 262.5000 86.3500 45.6330
24 273.5900 86.9200 41.3920
25 284.6200 88.2600 37.7540
26 295.4900 87.6900 41.0440
27 306.4000 88.4600 38.9580
28 316.5500 88.1200 38.4090
29 327.2400 88.8300 38.9910
30 338.0300 89.4400 37.6720
31 348.8900 89.7200 38.1500
32 359.6300 89.1300 40.4090
33 370.1100 90.2800 36.7520
34 380.4000 90.2300 38.9260
35 391.0200 90.1200 40.8630
36 401.8400 90.1500 43.6780
37 412.4300 90.4500 41.7620
38 423.1300 90.5300 41.4090
39 433.9100 90.8200 42.3700
40 444.9400 90.8700 42.2050
41 455.6600 90.9300 42.5150
42 466.3500 90.9000 42.0870
43 476.9300 90.8800 42.9290
44 487.6800 91.0300 43.5400
45 498.2900 90.9600 43.5720
46 509.2300 91.1100 43.1630
47 519.8800 91.0900 43.8400
48 531.0200 91.1900 43.9190
49 542.1600 91.1000 43.6080
50 553.1900 90.9500 43.8900
51 564.2300 91.0400 43.8190
52 575.3100 91.0800 43.6640
53 586.4400 91.0400 43.5440
54 597.5900 91.1800 43.2830
55 608.5300 91.0900 43.6840
56 619.6900 91.1700 44.1390
57 630.6700 91.2100 44.3870
58 642.0000 91.2100 44.3780
59 653.0700 91.2200 45.0270
60 663.9600 90.9900 46.2070
61 674.8100 90.9500 47.1050
62 685.8300 90.9400 47.7100
63 696.9900 90.7200 49.1750
64 708.0600 90.5000 48.7520
65 719.1500 90.3400 47.1980
66 730.3500 89.8500 48.6750
67 741.2900 90.1400 45.2190
68 752.3100 89.6900 47.0630
69 763.3300 89.6700 47.3530
70 774.4100 89.5500 44.2820
71 785.6800 90.1900 42.7150
72 796.6700 88.4900 51.1420
73 807.7000 89.7500 41.7110
74 818.8000 88.8700 43.7080
75 829.7300 88.9900 44.4320
76 841.0700 88.9700 42.0910
77 852.1000 89.1000 42.6530
78 862.8200 87.8500 45.2100
79 874.0200 89.2800 42.3160
80 885.1000 88.1400 43.7850
81 896.2100 87.8400 44.3500
82 907.2300 88.7100 43.1410
83 918.1900 88.2500 47.2760
84 929.3800 87.6400 46.2930
85 940.4300 87.8900 44.6100
86 951.5100 89.3800 40.6830
87 962.4800 88.5100 44.1800
88 973.5300 88.1900 46.9090
89 984.7200 87.6600 44.7240
90 995.7600 87.6600 46.6520
91 1006.7900 87.9200 44.9290
92 1017.8000 87.6300 51.5440
93 1028.8400 88.3900 46.4110
94 1040.1300 87.9900 46.6480
95 1050.9300 88.5900 44.0280
96 1061.9100 88.9800 41.1300
97 1072.9100 88.4000 43.2820
98 1083.6700 88.3500 44.7600
99 1094.6600 88.7800 47.8970
100 1105.5900 89.2100 42.7110
101 1116.6800 88.6500 47.8730
102 1127.5800 88.2200 46.2370
103 1138.5300 88.9600 46.7720
104 1149.5600 89.4300 44.1560
105 1160.5600 87.6700 53.7660
106 1171.6200 89.6800 40.4510
107 1182.5200 89.5300 44.1920
108 1193.4800 88.7600 48.1440
109 1204.4700 89.2700 47.4370
110 1215.6100 89.7400 44.7460
111 1226.6300 89.2700 50.0980
112 1237.7400 89.1900 48.1980
113 1249.3900 90.3400 42.9970
114 1260.7500 90.2000 43.3250
115 1272.1100 90.6100 44.4550
116 1283.3900 90.1800 44.8230
117 1294.6000 90.5300 45.6780
118 1305.7900 90.6600 46.2890
119 1317.0100 91.1100 41.6520
120 1328.2400 91.2900 45.2470
121 1339.4400 91.1700 44.8960
122 1350.6900 90.3800 47.3970
123 1361.7800 91.8500 42.6350
124 1372.7500 91.6200 44.1580
125 1384.2100 91.7000 44.7250
126 1395.3900 92.2700 41.4980
127 1406.5600 92.1800 44.9360
128 1417.7100 92.1600 43.0050
129 1428.9600 92.2400 43.5430
130 1440.2800 92.2900 44.5190
131 1451.5200 92.3700 46.5490
132 1462.6300 92.2100 43.9160
133 1473.9300 92.5000 44.2720
134 1485.2400 92.7100 42.6990
135 1496.3900 92.4600 44.8810
136 1507.5700 92.8100 44.5160
137 1518.8500 92.8200 43.8540
138 1530.3100 92.7800 43.4990
139 1541.5300 92.8400 43.2010
140 1553.0500 92.8500 43.5020
141 1564.2000 92.9200 43.2950
142 1575.3300 92.9800 42.9840
143 1586.7600 92.8900 43.2930
144 1598.0800 92.8700 42.9780
145 1609.6200 92.9600 43.3250
146 1620.8300 92.9400 43.6990
147 1632.0600 92.9100 43.4550
148 1643.2600 93.0600 43.3860
149 1654.3500 92.9300 43.7720
150 1665.2700 92.9900 43.3760
151 1676.4000 93.0400 43.0350
152 1687.4800 92.8700 43.5480
153 1698.4800 92.9500 43.7230
154 1709.5000 93.0700 43.6900
155 1720.5200 92.9600 43.5490
156 1731.6300 92.9200 43.2500
157 1742.5800 93.0400 43.4320
158 1753.4600 92.9400 43.4820
159 1764.4400 92.8900 43.6550
160 1775.6400 92.9300 43.9910
161 1786.8000 93.0800 43.5500
162 1797.6300 93.0300 43.5310
163 1808.7300 92.9100 44.5410
164 1819.8000 92.9400 44.4810
165 1831.0800 92.9200 44.5990
166 1842.2400 92.7200 45.7780
167 1853.4700 92.8900 46.5610
168 1864.8000 92.7300 47.3400
169 1875.9600 92.5400 47.8740
170 1887.0700 92.4200 48.3700
171 1898.3100 92.7600 46.8800
172 1909.7500 92.3800 48.5570
173 1921.0300 91.9800 50.0460
174 1932.3000 92.0900 50.1890
175 1943.5500 91.8500 49.5520
176 1954.9400 91.4000 49.4120
177 1966.3200 92.2200 42.6460
178 1977.5800 91.5700 47.1330
179 1989.0300 90.3600 50.7560
180 2000.1600 91.0300 44.4130
181 2011.1900 90.6300 47.0850
182 2022.3400 90.2000 48.3730
183 2033.4000 90.7600 45.9000
184 2044.6400 89.9800 44.8380
185 2055.5000 90.0700 45.4900
186 2066.4400 90.2400 43.7010
187 2077.6200 88.3200 54.6060
188 2088.8400 89.0800 50.5360
189 2099.8500 88.4800 49.0920
190 2110.9200 89.4600 49.2900
191 2121.8700 89.2700 44.7950
192 2132.8100 90.2100 42.5580
193 2143.7300 89.8400 46.3390
194 2154.7500 88.6000 52.7820
195 2165.7500 89.5400 47.0160
196 2176.7300 89.7200 44.7790
197 2187.8700 89.1400 45.8620
198 2198.9400 89.4200 45.3740
199 2209.7600 89.5900 47.9710
200 2220.6400 89.5300 47.5290
201 2231.6300 90.0400 42.3830
202 2242.7200 90.0800 42.9440
203 2253.7800 89.7400 45.0930
204 2265.0200 90.2600 42.9560
205 2276.0500 89.9000 44.1890
206 2286.7900 90.2100 40.8880
207 2297.8400 90.4300 42.6010
208 2308.7000 90.9600 44.5380
209 2319.3500 89.1300 53.3180
210 2330.1300 90.9600 41.2980
211 2340.8500 90.3600 47.2430
212 2351.6600 90.7200 45.1880
213 2362.4700 90.5900 44.6820
214 2373.1400 90.6400 48.4000
215 2384.0700 89.9400 49.5990
216 2394.9500 90.7100 47.0700
217 2405.9000 91.1300 43.9980
218 2416.9800 91.2300 44.4830
219 2427.9800 91.6000 42.4090
220 2438.9800 91.3300 46.2530
221 2449.8600 92.1400 43.9680
222 2460.8200 91.9500 43.9160
223 2471.7800 92.1100 44.4050
224 2482.5900 92.3300 43.0090
225 2493.6400 92.5600 42.4640
226 2504.8100 92.3400 44.6030
227 2516.0800 92.3200 43.9760
228 2527.1900 92.6100 43.3000
229 2538.2800 92.7900 42.2690
230 2549.2900 92.8400 42.1530
231 2560.5800 92.8800 43.0830
232 2571.6300 92.5700 44.3270
233 2582.5000 92.9800 44.6220
234 2593.5600 92.8300 44.8530
235 2604.9200 92.7800 44.3810
236 2616.2900 92.8700 44.1240
237 2627.5900 93.0700 43.5880
238 2638.7300 93.0200 44.1320
239 2649.8200 93.0000 44.6990
240 2660.9900 92.8400 44.6830
241 2672.0500 93.0100 44.4980
242 2683.1400 92.8800 44.9440
243 2694.2300 92.9700 44.3880
244 2705.3400 92.9300 44.6460
245 2716.3400 93.0200 44.2520
246 2727.1500 92.9900 44.4240
247 2738.3300 92.9900 44.3640
248 2749.5200 93.0100 44.4290
249 2760.7500 92.9300 44.1900
250 2771.8900 92.9600 44.0460
251 2783.0700 92.9800 44.5110
252 2794.2700 92.9800 44.3800
253 2805.4000 92.9700 44.3230
254 2816.6100 93.0000 44.2890
255 2827.7100 92.9700 44.5160
256 2838.8500 93.0900 44.2210
257 2849.9600 92.9800 44.4180
258 2861.1500 93.0400 44.3230
259 2872.2600 93.0500 43.8670
260 2883.3000 92.9600 44.4360
261 2894.2900 92.9500 44.9160
262 2905.4500 93.0000 44.7110
263 2916.6800 93.0800 44.8040
264 2927.7500 93.0800 44.4300
265 2938.9700 93.1700 45.4000
266 2950.1900 93.1200 45.1980
267 2961.4900 93.1700 45.4580
268 2972.5800 93.0100 45.7510
269 2983.8200 93.0900 44.7380
270 2994.4100 93.0400 45.5560
271 3005.3200 93.0700 45.8990
272 3016.2500 92.9900 45.0840
273 3027.1400 92.7800 45.4790
274 3038.1100 92.7100 47.5950
275 3049.0600 92.7800 46.9010
276 3060.1100 92.3600 49.6840
277 3071.0400 91.4200 52.3440
278 3081.9600 91.8300 47.0750
279 3092.9800 91.6100 45.5940
280 3103.9100 91.6600 44.9410
281 3114.8900 91.1900 44.8130
282 3125.5300 91.1500 44.7640
283 3136.5600 90.3900 47.0420
284 3147.5600 90.5500 47.5100
285 3158.6400 90.2300 48.5290
286 3169.6500 89.0200 52.8130
287 3180.6800 89.5500 51.7150
288 3191.7300 90.0500 44.9090
289 3202.6800 89.8600 45.9150
290 3213.8500 89.9000 46.1720
291 3224.9600 89.6100 46.3530
292 3236.0700 88.2200 57.4830
293 3247.2100 90.6600 41.8360
294 3258.2300 90.5300 46.0930
295 3269.2400 89.8500 46.3040
296 3280.2700 89.2100 52.2500
297 3291.4600 90.3700 44.0310
298 3302.7100 90.2700 41.6960
299 3313.7500 88.2300 52.6750
300 3324.7400 89.3500 49.6120
301 3336.0700 90.2900 42.9180
302 3347.2200 89.1600 50.3220
303 3358.2500 89.7300 46.1770
304 3369.4600 90.3100 41.3400
305 3380.6200 90.1400 45.6180
306 3391.7800 90.4300 45.4280
307 3402.9000 90.3500 43.7410
308 3413.9300 90.7600 43.6940
309 3425.1500 91.1400 42.8410
310 3436.2800 90.6200 44.4820
311 3447.3800 90.5400 44.0030
312 3458.5100 90.3400 43.8920
313 3469.5800 91.2100 42.8300
314 3480.7000 91.1600 42.5050
315 3491.7800 91.0600 43.9370
316 3502.9600 91.8500 44.4940
317 3514.1400 91.3900 45.4770
318 3525.0700 91.4600 44.2110
319 3535.9000 91.3800 49.0410
320 3546.9200 92.3400 41.6830
321 3557.8900 91.7200 43.8680
322 3568.9700 92.2400 43.2700
323 3580.2100 92.6700 42.2490
324 3591.2900 92.2400 44.0040
325 3602.5200 92.6000 42.4540
326 3613.8100 92.7700 42.3550
327 3624.7900 92.5900 42.1470
328 3635.7800 92.9400 40.0870
329 3647.0800 92.8500 42.6520
330 3658.1400 92.9300 43.0900
331 3669.2200 92.7600 42.4690
332 3680.3100 93.1000 43.3430
333 3691.3600 93.0400 43.1280
334 3702.3100 93.1500 42.8260
335 3713.3100 93.0400 42.3610
336 3724.4600 93.0900 42.5760
337 3735.5200 93.2400 41.6910
338 3746.4200 93.3100 42.3820
339 3757.3200 93.2500 41.6970
340 3768.2700 93.2400 41.7130
341 3779.2700 93.3000 41.9940
342 3790.1800 93.3200 41.5130
343 3801.2300 93.3100 41.7220
344 3811.9900 93.3400 41.8240
345 3822.9400 93.3000 41.5990
346 3833.9800 93.4100 41.6260
347 3844.8300 93.3800 41.4420
348 3855.8400 93.3100 41.8470
349 3866.7100 93.3800 41.9630
350 3877.7400 93.4000 41.7580
351 3888.8400 93.4000 41.4420
352 3899.8600 93.3200 41.9340
353 3911.0900 93.3100 41.6590
354 3922.1300 93.3100 41.7180
355 3933.3500 93.3400 41.4490
356 3944.5600 93.3900 41.5110
357 3955.4400 93.4400 41.8410
358 3966.4000 93.4100 41.9950
359 3977.4500 93.3200 41.4050
360 3988.6700 93.4300 41.4780
361 3999.8700 93.4200 41.1110
362 4011.1000 93.4800 41.5640
363 4022.1400 93.4500 41.5410
364 4033.5600 93.4200 41.4460
365 4044.8300 93.2900 41.5600
366 4056.1600 93.2900 41.9790
367 4067.1700 93.2600 42.0520
368 4078.4500 93.0900 42.6270
369 4089.5500 93.3100 42.7460
370 4100.7600 93.1900 42.7330
371 4111.9400 92.9500 42.8060
372 4123.1700 93.2200 43.6620
373 4134.2300 92.9500 44.1880
374 4145.2700 92.9100 45.9250
375 4156.4600 92.7700 45.4980
376 4167.6700 92.5800 45.9250
377 4178.8200 92.1500 48.0540
378 4190.0000 91.8200 47.1910
379 4201.2300 92.0600 44.0350
380 4212.5300 91.7700 44.8910
381 4223.6600 91.0900 47.4230
382 4234.8100 91.1300 42.4690
383 4246.0300 91.0600 45.4830
384 4257.2500 89.7100 52.2760
385 4268.5500 90.3700 45.5580
386 4279.8100 90.6600 44.6910
387 4290.9400 90.5900 42.8200
388 4302.1400 89.8700 47.8630
389 4313.5800 90.1500 44.9750
390 4324.6400 90.0100 47.3930
391 4335.9700 90.3100 43.8360
392 4347.3100 89.7700 44.2780
393 4358.2100 89.5400 45.8110
394 4369.1400 90.5200 44.1050
395 4380.1400 90.3000 44.9690
396 4391.3000 90.1600 46.2530
397 4402.1500 90.5300 41.1910
398 4413.2800 90.3500 44.0380
399 4424.2900 90.0700 46.0610
400 4435.4300 90.0300 44.9750
401 4446.4200 88.9900 49.1450
402 4457.4100 90.1100 44.1070
403 4468.4700 90.5600 41.5820
404 4479.4900 90.8700 45.3170
405 4490.2300 90.5600 42.8340
406 4500.9100 90.3200 43.3450
407 4511.7700 89.7300 50.3940
408 4522.7300 90.7500 43.1070
409 4534.0400 90.8700 45.9300
410 4544.9800 91.4200 41.4230
411 4556.0600 90.8500 42.8610
412 4567.2700 91.2100 45.5600
413 4578.2100 91.0000 45.9020
414 4589.2100 90.9700 42.6110
415 4600.2900 91.4400 41.2890
416 4611.3200 91.3500 43.3110
417 4622.4500 91.8700 41.7390
418 4633.4100 91.7800 43.6140
419 4644.2000 91.9300 43.1760
420 4655.2400 91.7500 43.9170
421 4666.2700 92.0300 43.2900
422 4677.3000 92.0800 43.8500
423 4688.3900 92.6700 41.6680
424 4699.4300 92.4200 44.4220
425 4710.5900 92.9200 41.7690
426 4721.7000 92.7600 45.3830
427 4732.6300 92.8000 45.1040
428 4743.7200 93.0300 43.2870
429 4754.6600 93.1700 44.4880
430 4765.5300 93.2100 43.1670
431 4776.3200 93.2600 43.2590
432 4786.7600 93.2500 43.4380
433 4797.1000 93.2400 43.4110
434 4807.4200 93.2200 43.8560
435 4817.6600 93.3200 43.2310
436 4828.1300 93.4100 43.0870
437 4838.4000 93.4200 42.4250
438 4848.8000 93.4100 43.2660
439 4859.2000 93.5500 42.8010
440 4869.5700 93.5500 42.7060
441 4880.0500 93.6400 42.2670
442 4890.1800 93.6200 42.4930
443 4900.5700 93.5200 42.6220
444 4911.0300 93.4600 42.0440
445 4921.3500 93.4700 42.3040
446 4931.7200 93.5200 41.8930
447 4942.2000 93.5900 41.9220
448 4952.5900 93.4600 42.3410
449 4962.8900 93.5100 41.7570
450 4973.2500 93.5500 42.3170
451 4983.5200 93.5200 42.1640
452 4993.9400 93.5100 42.1240
453 5004.3000 93.5400 42.0830
454 5014.3900 93.5100 42.2480
455 5024.6200 93.5000 42.4550
456 5034.9300 93.5900 41.7540
457 5045.3400 93.5300 42.2630
458 5055.6100 93.5100 42.3670
459 5066.2100 93.5300 42.4880
460 5076.6400 93.4700 42.5200
461 5087.1200 93.4900 42.1060
462 5097.5400 93.5400 42.4740
463 5107.8500 93.4400 42.1350
464 5118.3600 93.4800 42.1230
465 5128.7200 93.5600 42.5260
466 5139.0200 93.4500 42.6600
467 5149.3400 93.5000 42.5900
468 5159.6500 93.4800 42.7670
469 5170.0600 93.5300 42.7230
470 5180.5600 93.3100 44.0580
471 5191.0400 93.2900 42.6840
472 5201.4000 92.9500 44.5430
473 5211.9500 93.1200 44.9530
474 5222.3000 93.0100 45.0730
475 5232.6100 93.1400 45.0280
476 5243.0700 93.1700 45.3600
477 5253.4600 93.1500 44.7480
478 5263.8200 92.4400 47.2880
479 5273.9800 92.0000 47.0410
480 5284.1800 92.1300 42.8980
481 5294.5800 91.6300 46.7980
482 5305.0500 90.6300 50.8080
483 5315.4300 91.1000 45.6070
484 5325.8000 90.6200 46.5590
485 5336.0900 91.5400 41.7070
486 5346.3800 91.5800 41.2970
487 5356.7700 90.5900 46.8950
488 5367.1200 90.6900 45.9090
489 5377.4900 90.4600 46.9170
490 5387.8200 90.7700 42.7790
491 5398.0400 88.4100 53.3740
492 5408.2600 90.4200 42.8940
493 5418.5000 88.6900 50.9670
494 5429.1400 90.1900 43.6630
495 5439.4900 90.0200 43.3790
496 5450.0100 90.4800 47.5430
497 5460.4500 88.4300 55.4710
498 5470.8400 90.5600 43.9090
499 5481.2200 89.6500 48.2720
500 5491.5000 88.8700 54.4020
501 5501.8300 90.3000 46.4090
502 5512.2000 90.8000 43.9500
503 5522.7200 90.1400 44.8980
504 5532.7600 88.8900 52.3300
505 5543.0800 91.0000 40.8670
506 5553.4100 90.6900 43.5160
507 5563.7600 90.2900 46.7080
508 5574.1400 91.4500 41.7830
509 5584.4900 91.4400 44.0400
510 5594.8300 90.9700 44.3130
511 5605.1700 90.9300 45.7520
512 5615.6200 91.5600 46.1530
513 5625.9300 91.7300 43.5700
514 5636.2500 91.8000 44.8140
515 5646.5400 92.1200 43.7660
516 5656.8000 91.5500 42.2790
517 5667.0500 91.3600 43.4840
518 5677.5000 91.8700 42.1100
519 5687.8700 91.7300 47.8570
520 5698.2600 92.1100 42.8290
521 5708.4600 92.4400 42.9350
522 5718.9300 92.8800 41.3230
523 5729.3200 92.7200 43.8600
524 5739.8600 93.0300 41.9560
525 5750.3700 93.0000 42.1710
526 5760.8000 92.8900 43.7970
527 5771.1200 92.8700 45.4450
528 5781.1700 93.0400 46.2220
529 5791.5600 93.3000 44.3940
530 5801.8300 93.3200 44.2370
531 5812.2600 93.0900 45.1430
532 5822.7000 93.4200 44.9250
533 5833.0400 93.5800 44.6850
534 5843.4600 93.6200 44.6570
535 5853.8800 93.6500 44.5620
536 5864.4200 93.6800 44.6260
537 5874.9000 93.6900 45.0080
538 5885.2100 93.5500 44.9250
539 5895.5800 93.5900 44.6690
540 5905.6900 93.5700 44.8710
541 5916.1300 93.7000 44.0120
542 5926.5300 93.7000 44.0590
543 5936.9500 93.6400 43.7690
544 5947.2600 93.6200 44.0040
545 5957.7100 93.6600 44.0280
546 5968.3000 93.6700 44.4050
547 5978.5800 93.7000 44.4240
548 5988.7900 93.6500 44.1690
549 5999.2200 93.6200 44.0230
550 6009.6600 93.6800 44.0140
551 6019.9600 93.6200 44.4020
552 6030.2300 93.6100 44.3520
553 6040.7300 93.6300 44.3100
554 6050.9500 93.5900 44.7210
555 6061.4600 93.6300 43.9920
556 6071.8000 93.6400 44.0730
557 6082.1400 93.6300 43.9580
558 6092.4100 93.7100 44.3980
559 6102.9300 93.6600 44.0690
560 6113.2600 93.6200 44.0120
561 6123.6200 93.6200 44.6050
562 6134.0200 93.6000 44.3290
563 6144.3700 93.6400 44.2320
564 6154.8600 93.6400 43.6420
565 6165.0800 93.7100 43.5300
566 6175.3000 93.6300 43.9480
567 6185.7100 93.5900 44.7230
568 6196.0400 93.5200 44.7900
569 6206.3400 93.5200 44.5070
570 6216.6500 93.5900 44.8790
571 6227.1200 93.6000 44.8530
572 6237.5600 93.5100 45.1370
573 6247.9300 93.5100 45.1870
574 6258.3900 93.3000 46.8810
575 6268.8900 93.0900 47.7630
576 6279.1800 92.9900 46.7220
577 6289.4100 92.9400 45.1540
578 6299.8100 92.5900 45.8930
579 6310.1600 92.0600 45.6320
580 6320.5700 91.7000 48.2080
581 6330.9800 90.9900 50.0770
582 6341.4200 91.0600 46.3640
583 6351.8700 91.0600 43.4230
584 6362.2700 91.0700 44.8440
585 6372.6900 90.7100 45.6770
586 6383.0000 91.2200 43.1580
587 6393.2300 91.0500 42.5190
588 6403.5800 90.1000 46.1960
589 6413.6400 91.2000 42.7640
590 6423.9900 89.8500 44.9390
591 6434.3900 90.4700 47.8120
592 6445.0000 90.4300 42.4290
593 6455.3500 90.0500 47.4830
594 6465.7500 88.4000 58.5670
595 6476.1200 89.8200 48.8020
596 6486.4500 90.1100 46.2250
597 6496.7300 90.7900 39.4920
598 6507.2400 90.2700 46.7680
599 6517.6400 90.4700 42.4460
600 6528.1600 90.6600 45.8140
