1 33.3700 10.0000 nan
2 60.0600 10.0000 nan
3 86.8000 10.0000 nan
4 113.4100 10.0000 nan
5 140.0000 10.0000 nan
6 166.6100 10.0000 nan
7 193.1900 10.0000 nan
8 219.9200 10.0000 nan
9 246.6300 10.0000 nan
10 273.2300 10.0000 nan
11 300.0900 10.0000 nan
12 326.8200 10.0000 nan
13 353.4500 10.0000 nan
14 378.8200 10.0000 nan
15 404.2600 10.0000 nan
16 429.6400 10.0000 nan
17 454.9900 10.0000 nan
18 480.3400 10.0000 nan
19 505.5500 10.0000 nan
20 530.8800 10.0000 nan
21 556.2900 10.0000 nan
22 581.7100 10.0000 nan
23 607.0500 10.0000 nan
24 632.5700 10.0000 nan
25 658.0300 10.0000 nan
26 683.4900 10.0000 nan
27 708.9400 10.0000 nan
28 734.3300 10.0000 nan
29 759.8300 10.0000 nan
30 785.2000 10.0000 nan
31 810.5600 10.0000 nan
32 836.1600 10.0000 nan
33 861.5900 10.0000 nan
34 886.9000 10.0000 nan
35 912.2700 10.0000 nan
36 937.5800 10.0000 nan
37 962.9600 10.0000 nan
38 988.4000 10.0000 nan
39 1013.7800 10.0000 nan
40 1039.2500 10.0000 nan
41 1064.6100 10.0000 nan
42 1089.9000 10.0000 nan
43 1115.2300 10.0000 nan
44 1140.6600 10.0000 nan
45 1166.1300 10.0000 nan
46 1191.7100 10.0000 nan
47 1217.1600 10.0000 nan
48 1242.7600 10.0000 nan
49 1268.1900 10.0000 nan
50 1293.5900 10.0000 nan
51 1319.0300 10.0000 nan
52 1344.6500 10.0000 nan
53 1370.1500 10.0000 nan
54 1395.5600 10.0000 nan
55 1420.9600 10.0000 nan
56 1446.3800 10.0000 nan
57 1472.0700 10.0000 nan
58 1497.3800 10.0000 nan
59 1522.9900 10.0000 nan
60 1548.4200 10.0000 nan
61 1573.9000 10.0000 nan
62 1599.4900 10.0000 nan
63 1625.0300 10.0000 nan
64 1650.4500 10.0000 nan
65 1675.9000 10.0000 nan
66 1701.4400 10.0000 nan
67 1726.9500 10.0000 nan
68 1752.2800 10.0000 nan
69 1777.8300 10.0000 nan
70 1803.3500 10.0000 nan
71 1828.8100 10.0000 nan
72 1854.2100 10.0000 nan
73 1879.7900 10.0000 nan
74 1905.4600 10.0000 nan
75 1931.0200 10.0000 nan
76 1956.6100 10.0000 nan
77 1982.0000 10.0000 nan
78 2007.4200 10.0000 nan
79 2032.9000 10.0000 nan
80 2058.3300 10.0000 nan
81 2083.8000 10.0000 nan
82 2109.3400 10.0000 nan
83 2134.8800 10.0000 nan
84 2160.3900 10.0000 nan
85 2185.9400 10.0000 nan
86 2211.3900 10.0000 nan
87 2236.8900 10.0000 nan
88 2262.4500 10.0000 nan
89 2288.0300 10.0000 nan
90 2313.4300 10.0000 nan
91 2338.8900 10.0000 nan
92 2364.3200 10.0000 nan
93 2389.8700 10.0000 nan
94 2415.3800 10.0000 nan
95 2440.8700 10.0000 nan
96 2466.5200 10.0000 nan
97 2491.9800 10.0000 nan
98 2517.6000 10.0000 nan
99 2543.1900 10.0000 nan
100 2568.7400 10.0000 nan
101 2594.2500 10.0000 nan
102 2619.8000 10.0000 nan
103 2645.2900 10.0000 nan
104 2670.7900 10.0000 nan
105 2696.3600 10.0000 nan
106 2721.9400 10.0000 nan
107 2747.4900 10.0000 nan
108 2773.0100 10.0000 nan
109 2798.4000 10.0000 nan
110 2823.8900 10.0000 nan
111 2849.6000 10.0000 nan
112 2875.1100 10.0000 nan
113 2900.5200 10.0000 nan
114 2926.0400 10.0000 nan
115 2951.4700 10.0000 nan
116 2977.0200 10.0000 nan
117 3002.6500 10.0000 nan
118 3028.1300 10.0000 nan
119 3053.7600 10.0000 nan
120 3079.2400 10.0000 nan
121 3104.8300 10.0000 nan
122 3130.4500 10.0000 nan
123 3155.9800 10.0000 nan
124 3181.4600 10.0000 nan
125 3207.0400 10.0000 nan
126 3232.6000 10.0000 nan
127 3258.0900 10.0000 nan
128 3283.4800 10.0000 nan
129 3308.9900 10.0000 nan
130 3334.5200 10.0000 nan
131 3360.1400 10.0000 nan
132 3385.6700 10.0000 nan
133 3411.1500 10.0000 nan
134 3436.6300 10.0000 nan
135 3462.2000 10.0000 nan
136 3487.7900 10.0000 nan
137 3513.3000 10.0000 nan
138 3538.9900 10.0000 nan
139 3564.5600 10.0000 nan
140 3590.1200 10.0000 nan
141 3615.5400 10.0000 nan
142 3640.9100 10.0000 nan
143 3666.3700 10.0000 nan
144 3691.7500 10.0000 nan
145 3717.3500 10.0000 nan
146 3742.7800 10.0000 nan
147 3768.2700 10.0000 nan
148 3793.7700 10.0000 nan
149 3819.2400 10.0000 nan
150 3844.7500 10.0000 nan
151 3870.3400 10.0000 nan
152 3895.8500 10.0000 nan
153 3921.2100 10.0000 nan
154 3946.5700 10.0000 nan
155 3972.0400 10.0000 nan
156 3997.4100 10.0000 nan
157 4022.9600 10.0000 nan
158 4048.4700 10.0000 nan
159 4073.9800 10.0000 nan
160 4099.4800 10.0000 nan
161 4124.9000 10.0000 nan
162 4150.3600 10.0000 nan
163 4175.9700 10.0000 nan
164 4201.3500 10.0000 nan
165 4227.0200 10.0000 nan
166 4252.4400 10.0000 nan
167 4278.0000 10.0000 nan
168 4303.4300 10.0000 nan
169 4329.0400 10.0000 nan
170 4354.4600 10.0000 nan
171 4379.9000 10.0000 nan
172 4405.4400 10.0000 nan
173 4431.0000 10.0000 nan
174 4456.4100 10.0000 nan
175 4481.9100 10.0000 nan
176 4507.2700 10.0000 nan
177 4532.7300 10.0000 nan
178 4558.2500 10.0000 nan
179 4583.5700 10.0000 nan
180 4608.9300 10.0000 nan
181 4634.4300 10.0000 nan
182 4659.8000 10.0000 nan
183 4685.1500 10.0000 nan
184 4710.5400 10.0000 nan
185 4735.9900 10.0000 nan
186 4761.5200 10.0000 nan
187 4786.9300 10.0000 nan
188 4812.4300 10.0000 nan
189 4837.8400 10.0000 nan
190 4863.1900 10.0000 nan
191 4888.7600 10.0000 nan
192 4914.0800 10.0000 nan
193 4939.4800 10.0000 nan
194 4964.8800 10.0000 nan
195 4990.3700 10.0000 nan
196 5015.7200 10.0000 nan
197 5041.0700 10.0000 nan
198 5066.3700 10.0000 nan
199 5091.7600 10.0000 nan
200 5117.2000 10.0000 nan
201 5142.5700 10.0000 nan
202 5168.0000 10.0000 nan
203 5193.3400 10.0000 nan
204 5218.7100 10.0000 nan
205 5244.1400 10.0000 nan
206 5269.6100 10.0000 nan
207 5294.9600 10.0000 nan
208 5320.3100 10.0000 nan
209 5345.9100 10.0000 nan
210 5371.3100 10.0000 nan
211 5396.5800 10.0000 nan
212 5422.0400 10.0000 nan
213 5447.4700 10.0000 nan
214 5473.0900 10.0000 nan
215 5498.5300 10.0000 nan
216 5523.8500 10.0000 nan
217 5549.2300 10.0000 nan
218 5574.7500 10.0000 nan
219 5600.3100 10.0000 nan
220 5625.7700 10.0000 nan
221 5651.2500 10.0000 nan
222 5676.6900 10.0000 nan
223 5702.0100 10.0000 nan
224 5727.4200 10.0000 nan
225 5752.9100 10.0000 nan
226 5778.4000 10.0000 nan
227 5803.7200 10.0000 nan
228 5829.0600 10.0000 nan
229 5854.6300 10.0000 nan
230 5880.0100 10.0000 nan
231 5905.4000 10.0000 nan
232 5930.8800 10.0000 nan
233 5956.2300 10.0000 nan
234 5981.6300 10.0000 nan
235 6006.9800 10.0000 nan
236 6032.3200 10.0000 nan
237 6057.7600 10.0000 nan
238 6083.1400 10.0000 nan
239 6108.5100 10.0000 nan
240 6133.9900 10.0000 nan
241 6159.4300 10.0000 nan
242 6184.8600 10.0000 nan
243 6210.3000 10.0000 nan
244 6235.7600 10.0000 nan
245 6261.1000 10.0000 nan
246 6286.4700 10.0000 nan
247 6312.0700 10.0000 nan
248 6337.5300 10.0000 nan
249 6362.9800 10.0000 nan
250 6388.2600 10.0000 nan
251 6413.6600 10.0000 nan
252 6439.1400 10.0000 nan
253 6464.5300 10.0000 nan
254 6489.9200 10.0000 nan
255 6515.4300 10.0000 nan
256 6540.7200 10.0000 nan
257 6566.0700 10.0000 nan
258 6591.4300 10.0000 nan
259 6616.7600 10.0000 nan
260 6642.1200 10.0000 nan
261 6667.4800 10.0000 nan
262 6692.8900 10.0000 nan
263 6718.3300 10.0000 nan
264 6743.6500 10.0000 nan
265 6769.1000 10.0000 nan
266 6794.5400 10.0000 nan
267 6820.0100 10.0000 nan
268 6845.3900 10.0000 nan
269 6870.6800 10.0000 nan
270 6896.1800 10.0000 nan
271 6921.6300 10.0000 nan
272 6947.1000 10.0000 nan
273 6972.5900 10.0000 nan
274 6998.1200 10.0000 nan
275 7023.7000 10.0000 nan
276 7049.0900 10.0000 nan
277 7074.6300 10.0000 nan
278 7100.0300 10.0000 nan
279 7125.4100 10.0000 nan
280 7150.8600 10.0000 nan
281 7176.2900 10.0000 nan
282 7201.6800 10.0000 nan
283 7227.0500 10.0000 nan
284 7252.4500 10.0000 nan
285 7277.9000 10.0000 nan
286 7303.3200 10.0000 nan
287 7328.7100 10.0000 nan
288 7354.0300 10.0000 nan
289 7379.5500 10.0000 nan
290 7404.9300 10.0000 nan
291 7430.4700 10.0000 nan
292 7455.8700 10.0000 nan
293 7481.2700 10.0000 nan
294 7506.6200 10.0000 nan
295 7532.0500 10.0000 nan
296 7557.4200 10.0000 nan
297 7582.8500 10.0000 nan
298 7608.2600 10.0000 nan
299 7633.6600 10.0000 nan
300 7659.1000 10.0000 nan
301 7684.5000 10.0000 nan
302 7709.8500 10.0000 nan
303 7735.1800 10.0000 nan
304 7760.5000 10.0000 nan
305 7785.8300 10.0000 nan
306 7811.3600 10.0000 nan
307 7836.7900 10.0000 nan
308 7862.1900 10.0000 nan
309 7887.6800 10.0000 nan
310 7912.9200 10.0000 nan
311 7938.2000 10.0000 nan
312 7963.6200 10.0000 nan
313 7989.2400 10.0000 nan
314 8014.7100 10.0000 nan
315 8040.0800 10.0000 nan
316 8065.5900 10.0000 nan
317 8091.0200 10.0000 nan
318 8116.4800 10.0000 nan
319 8142.0100 10.0000 nan
320 8167.2800 10.0000 nan
321 8192.6400 10.0000 nan
322 8217.9800 10.0000 nan
323 8243.3800 10.0000 nan
324 8268.9100 10.0000 nan
325 8294.3000 10.0000 nan
326 8319.5800 10.0000 nan
327 8345.0200 10.0000 nan
328 8370.5500 10.0000 nan
329 8396.0000 10.0000 nan
330 8421.4100 10.0000 nan
331 8446.8600 10.0000 nan
332 8472.3900 10.0000 nan
333 8497.7700 10.0000 nan
334 8523.1400 10.0000 nan
335 8548.6000 10.0000 nan
336 8574.0000 10.0000 nan
337 8599.4000 10.0000 nan
338 8624.8100 10.0000 nan
339 8650.1800 10.0000 nan
340 8675.6300 10.0000 nan
341 8701.1100 10.0000 nan
342 8726.5600 10.0000 nan
343 8751.9700 10.0000 nan
344 8777.4900 10.0000 nan
345 8802.9400 10.0000 nan
346 8828.4400 10.0000 nan
347 8853.9600 10.0000 nan
348 8879.4000 10.0000 nan
349 8904.8800 10.0000 nan
350 8930.3500 10.0000 nan
351 8955.7400 10.0000 nan
352 8981.3500 10.0000 nan
353 9006.6900 10.0000 nan
354 9032.3200 10.0000 nan
355 9057.8000 10.0000 nan
356 9083.1400 10.0000 nan
357 9108.3300 10.0000 nan
358 9133.7000 10.0000 nan
359 9159.2900 10.0000 nan
360 9184.9200 10.0000 nan
361 9210.3500 10.0000 nan
362 9235.7700 10.0000 nan
363 9261.2000 10.0000 nan
364 9286.7400 10.0000 nan
365 9312.0500 10.0000 nan
366 9337.4100 10.0000 nan
367 9362.8400 10.0000 nan
368 9388.1100 10.0000 nan
369 9413.4100 10.0000 nan
370 9438.8800 10.0000 nan
371 9464.3400 10.0000 nan
372 9489.7800 10.0000 nan
373 9515.2200 10.0000 nan
374 9540.4300 10.0000 nan
375 9565.8800 10.0000 nan
376 9591.4300 10.0000 nan
377 9616.6800 10.0000 nan
378 9642.0000 10.0000 nan
379 9667.3500 10.0000 nan
380 9692.7300 10.0000 nan
381 9718.3300 10.0000 nan
382 9743.7200 10.0000 nan
383 9769.0900 10.0000 nan
384 9794.6900 10.0000 nan
385 9819.9000 10.0000 nan
386 9845.3500 10.0000 nan
387 9870.8000 10.0000 nan
388 9896.1700 10.0000 nan
389 9921.6000 10.0000 nan
390 9947.1700 10.0000 nan
391 9972.6200 10.0000 nan
392 9998.0200 10.0000 nan
393 10023.3900 10.0000 nan
394 10048.8300 10.0000 nan
395 10074.1800 10.0000 nan
396 10099.6100 10.0000 nan
397 10125.0300 10.0000 nan
398 10150.5500 10.0000 nan
399 10175.9000 10.0000 nan
400 10201.3700 10.0000 nan
401 10226.6400 10.0000 nan
402 10252.1200 10.0000 nan
403 10277.5200 10.0000 nan
404 10302.8500 10.0000 nan
405 10328.2300 10.0000 nan
406 10353.6100 10.0000 nan
407 10378.9600 10.0000 nan
408 10404.3600 10.0000 nan
409 10429.7600 10.0000 nan
410 10455.1100 10.0000 nan
411 10480.4200 10.0000 nan
412 10505.9100 10.0000 nan
413 10531.5100 10.0000 nan
414 10556.8700 10.0000 nan
415 10582.1900 10.0000 nan
416 10607.7700 10.0000 nan
417 10633.2600 10.0000 nan
418 10658.6500 10.0000 nan
419 10684.0100 10.0000 nan
420 10709.4100 10.0000 nan
421 10734.6700 10.0000 nan
422 10760.1900 10.0000 nan
423 10785.5500 10.0000 nan
424 10810.8300 10.0000 nan
425 10836.1800 10.0000 nan
426 10861.6200 10.0000 nan
427 10886.9000 10.0000 nan
428 10912.2700 10.0000 nan
429 10937.7700 10.0000 nan
430 10963.1600 10.0000 nan
431 10988.4400 10.0000 nan
432 11013.8800 10.0000 nan
433 11039.1900 10.0000 nan
434 11064.4700 10.0000 nan
435 11089.8000 10.0000 nan
436 11115.1900 10.0000 nan
437 11140.6500 10.0000 nan
438 11166.1100 10.0000 nan
439 11191.4900 10.0000 nan
440 11216.8800 10.0000 nan
441 11242.4600 10.0000 nan
442 11267.7900 10.0000 nan
443 11293.2900 10.0000 nan
444 11318.6700 10.0000 nan
445 11344.0200 10.0000 nan
446 11369.4800 10.0000 nan
447 11394.7900 10.0000 nan
448 11420.2200 10.0000 nan
449 11445.6200 10.0000 nan
450 11471.1000 10.0000 nan
451 11496.4700 10.0000 nan
452 11521.8000 10.0000 nan
453 11547.1200 10.0000 nan
454 11572.5400 10.0000 nan
455 11597.9100 10.0000 nan
456 11623.3500 10.0000 nan
457 11648.7200 10.0000 nan
458 11674.1800 10.0000 nan
459 11699.7100 10.0000 nan
460 11725.1800 10.0000 nan
461 11750.5800 10.0000 nan
462 11776.0000 10.0000 nan
463 11801.5100 10.0000 nan
464 11826.8700 10.0000 nan
465 11852.1500 10.0000 nan
466 11877.6100 10.0000 nan
467 11903.0500 10.0000 nan
468 11928.4700 10.0000 nan
469 11953.8900 10.0000 nan
470 11979.1800 10.0000 nan
471 12004.7000 10.0000 nan
472 12030.0400 10.0000 nan
473 12055.4600 10.0000 nan
474 12080.9300 10.0000 nan
475 12106.2700 10.0000 nan
476 12131.6300 10.0000 nan
477 12156.9900 10.0000 nan
478 12182.3600 10.0000 nan
479 12207.6800 10.0000 nan
480 12233.1000 10.0000 nan
481 12258.5400 10.0000 nan
482 12284.1900 10.0000 nan
483 12309.6600 10.0000 nan
484 12334.8900 10.0000 nan
485 12360.3800 10.0000 nan
486 12385.8400 10.0000 nan
487 12411.2200 10.0000 nan
488 12436.5200 10.0000 nan
489 12461.8500 10.0000 nan
490 12487.1900 10.0000 nan
491 12512.6000 10.0000 nan
492 12538.0400 10.0000 nan
493 12563.3700 10.0000 nan
494 12588.6800 10.0000 nan
495 12614.0300 10.0000 nan
496 12639.3700 10.0000 nan
497 12664.8300 10.0000 nan
498 12690.2200 10.0000 nan
499 12715.6000 10.0000 nan
500 12740.9300 10.0000 nan
501 12766.4300 10.0000 nan
502 12791.8000 10.0000 nan
503 12817.2100 10.0000 nan
504 12842.7100 10.0000 nan
505 12868.1000 10.0000 nan
506 12893.6100 10.0000 nan
507 12918.8600 10.0000 nan
508 12944.2600 10.0000 nan
509 12969.6400 10.0000 nan
510 12994.9400 10.0000 nan
511 13020.3500 10.0000 nan
512 13045.6200 10.0000 nan
513 13071.1200 10.0000 nan
514 13096.5500 10.0000 nan
515 13121.9400 10.0000 nan
516 13147.3300 10.0000 nan
517 13172.8000 10.0000 nan
518 13198.1800 10.0000 nan
519 13223.6200 10.0000 nan
520 13248.9200 10.0000 nan
521 13274.3700 10.0000 nan
522 13299.7400 10.0000 nan
523 13325.2500 10.0000 nan
524 13350.6900 10.0000 nan
525 13376.0600 10.0000 nan
526 13401.4600 10.0000 nan
527 13426.9700 10.0000 nan
528 13452.2900 10.0000 nan
529 13477.7500 10.0000 nan
530 13503.1300 10.0000 nan
531 13528.4900 10.0000 nan
532 13553.9500 10.0000 nan
533 13579.2500 10.0000 nan
534 13604.5900 10.0000 nan
535 13630.1300 10.0000 nan
536 13655.5500 10.0000 nan
537 13681.0700 10.0000 nan
538 13706.5300 10.0000 nan
539 13732.0900 10.0000 nan
540 13757.5800 10.0000 nan
541 13783.0700 10.0000 nan
542 13808.7000 10.0000 nan
543 13834.3800 10.0000 nan
544 13859.8700 10.0000 nan
545 13885.4200 10.0000 nan
546 13910.9300 10.0000 nan
547 13936.3300 10.0000 nan
548 13961.4800 10.0000 nan
549 13986.7300 10.0000 nan
550 14011.8600 10.0000 nan
551 14037.0200 10.0000 nan
552 14062.1900 10.0000 nan
553 14087.3300 10.0000 nan
554 14112.5800 10.0000 nan
555 14137.8200 10.0000 nan
556 14162.9500 10.0000 nan
557 14188.1700 10.0000 nan
558 14213.4400 10.0000 nan
559 14238.8000 10.0000 nan
560 14264.1100 10.0000 nan
561 14289.3800 10.0000 nan
562 14314.5700 10.0000 nan
563 14339.8400 10.0000 nan
564 14365.1000 10.0000 nan
565 14390.4500 10.0000 nan
566 14415.7400 10.0000 nan
567 14441.0900 10.0000 nan
568 14466.4000 10.0000 nan
569 14491.6100 10.0000 nan
570 14516.7600 10.0000 nan
571 14542.0400 10.0000 nan
572 14567.1700 10.0000 nan
573 14592.4000 10.0000 nan
574 14617.6800 10.0000 nan
575 14643.0400 10.0000 nan
576 14668.3000 10.0000 nan
577 14693.5800 10.0000 nan
578 14718.8100 10.0000 nan
579 14744.0500 10.0000 nan
580 14769.3400 10.0000 nan
581 14794.6200 10.0000 nan
582 14819.9900 10.0000 nan
583 14845.3600 10.0000 nan
584 14870.6100 10.0000 nan
585 14895.8600 10.0000 nan
586 14921.1100 10.0000 nan
587 14946.3500 10.0000 nan
588 14971.5700 10.0000 nan
589 14996.8500 10.0000 nan
590 15022.2700 10.0000 nan
591 15047.5100 10.0000 nan
592 15072.7100 10.0000 nan
593 15097.8900 10.0000 nan
594 15123.0900 10.0000 nan
595 15148.4000 10.0000 nan
596 15173.7800 10.0000 nan
597 15199.0300 10.0000 nan
598 15224.3600 10.0000 nan
599 15249.8000 10.0000 nan
600 15274.9600 10.0000 nan
