1 59.2100 10.0500 232.2000
2 113.4900 19.6100 212.1640
3 167.7100 18.3000 212.7160
4 222.1100 18.8600 211.0420
5 276.5900 17.3500 200.0000
6 330.8300 23.9900 189.9600
7 385.2300 31.4500 176.3490
8 439.5500 32.6700 173.4190
9 493.7800 40.4100 157.2580
10 547.9500 38.9100 162.8410
11 602.4000 44.6500 151.1100
12 656.5300 46.8700 142.1910
13 710.7700 49.4700 135.0600
14 765.1000 53.0000 131.0850
15 819.6200 57.1100 120.3030
16 874.0900 60.0000 112.8060
17 928.3700 61.9000 109.7430
18 982.6700 63.3700 103.5030
19 1037.0600 64.6700 102.6660
20 1091.5900 66.1600 97.1840
21 1146.2500 65.3200 99.9090
22 1200.7800 68.8900 91.6530
23 1255.3000 71.2000 85.0290
24 1309.9400 72.8000 81.3120
25 1364.4800 75.8700 72.4250
26 1419.0100 73.7100 77.3580
27 1473.4500 75.9400 71.3580
28 1527.9300 76.1300 71.7140
29 1582.4300 77.4700 68.6040
30 1636.9800 77.1800 69.0990
31 1691.6600 75.5800 75.0730
32 1746.1600 79.7100 61.3250
33 1800.7100 79.4900 62.1220
34 1855.2000 79.4700 60.6020
35 1909.6800 81.3100 56.6060
36 1964.2100 81.9700 55.5860
37 2018.5000 81.8900 55.3430
38 2072.8500 82.1600 54.0720
39 2127.3000 83.0600 52.5270
40 2181.5800 83.1900 51.9090
41 2235.7200 83.8000 51.1560
42 2289.8600 83.6100 50.2830
43 2343.9800 83.7000 51.1830
44 2398.2200 84.3600 49.0950
45 2452.5100 84.6900 49.0460
46 2506.7500 84.3400 49.2120
47 2561.0400 84.6300 48.6390
48 2615.2200 84.6200 48.7620
49 2669.3300 84.5600 48.8680
50 2723.6800 84.7300 48.4970
51 2777.8600 84.7600 48.9010
52 2832.1700 84.7400 48.6010
53 2886.4400 84.8700 48.6600
54 2940.6700 84.5700 49.0590
55 2995.0300 84.6700 49.3090
56 3049.4200 84.8900 49.6050
57 3103.7100 84.1600 49.7850
58 3158.0200 84.6000 49.0910
59 3212.3200 83.6800 51.1180
60 3266.6100 84.3300 50.6390
61 3320.9400 83.4000 52.1400
62 3375.2100 83.7900 52.3320
63 3429.5500 83.0900 52.7830
64 3483.7700 83.0900 55.7560
65 3538.0300 82.5200 56.1950
66 3592.4700 82.7800 55.5480
67 3646.9200 82.3000 56.7410
68 3701.1600 83.7300 50.0540
69 3755.3800 82.1100 54.9690
70 3809.5300 81.3700 59.3460
71 3863.8400 80.5400 65.6590
72 3917.9500 82.3900 56.0780
73 3972.1200 80.4600 61.3620
74 4026.3900 81.4500 60.7410
75 4080.8100 81.9300 57.7650
76 4134.9700 81.3200 61.2810
77 4189.2200 81.7900 59.3780
78 4243.5400 80.3400 62.3830
79 4297.8400 82.6200 55.9100
80 4352.1400 80.7100 60.4050
81 4406.3400 82.0300 56.3470
82 4460.5400 81.9300 58.9240
83 4514.6900 81.8800 57.8760
84 4568.9500 80.3300 63.8310
85 4623.2100 80.5700 63.0140
86 4677.4000 82.3300 57.8470
87 4731.7500 81.5600 59.5210
88 4785.9300 81.5000 57.2220
89 4840.2600 82.9800 56.9450
90 4894.5400 81.5800 62.4340
91 4948.8100 82.7200 56.4770
92 5003.0200 81.9500 61.7510
93 5057.3800 84.9800 49.5260
94 5111.7700 82.4600 57.9010
95 5165.9300 84.0100 53.2880
96 5220.3100 84.0600 52.7540
97 5274.4900 83.9600 52.9430
98 5328.6300 84.3900 50.7180
99 5382.8600 80.5500 69.5960
100 5437.0000 83.3400 59.6580
101 5491.1900 84.7400 53.5150
102 5545.3900 85.0900 49.1060
103 5599.6600 84.7800 52.4120
104 5653.7800 83.5300 59.0110
105 5708.1800 85.3600 47.7620
106 5762.3300 85.0400 50.0160
107 5816.6700 85.8600 50.1980
108 5870.9700 84.7300 55.9710
109 5925.1400 85.3800 51.4700
110 5979.5200 85.3200 53.1490
111 6033.7700 85.0700 53.1710
112 6088.0700 85.5800 51.0690
113 6142.4000 86.8600 45.9170
114 6196.6100 85.2800 55.5630
115 6251.0600 86.4600 48.6720
116 6305.4900 87.0800 47.7310
117 6359.8000 87.0200 48.4370
118 6414.0400 86.6900 49.9300
119 6468.2400 86.8000 49.1550
120 6522.4500 87.0500 51.1730
121 6576.6800 86.9300 52.5720
122 6630.8800 87.7300 50.2120
123 6685.0000 87.2900 52.3480
124 6739.4300 87.4000 50.4790
125 6793.6000 87.8000 50.1180
126 6847.9000 87.9400 52.0520
127 6902.0800 88.4400 51.5580
128 6956.2100 88.1100 55.2520
129 7010.5300 87.8200 57.8330
130 7064.9900 88.3500 56.7630
131 7119.2100 89.0100 53.2690
132 7173.5800 88.4700 57.6590
133 7227.7500 89.1000 57.9630
134 7281.9200 88.9800 59.2640
135 7336.2100 88.9500 61.1290
136 7390.4200 88.9600 63.6840
137 7444.5400 89.6700 60.7570
138 7498.8900 89.6100 59.9210
139 7553.1200 89.3500 61.3800
140 7607.5200 89.3700 61.7270
141 7661.9600 89.5800 62.2120
142 7716.0700 89.7700 61.0700
143 7770.4300 89.7300 61.6100
144 7824.6700 89.6700 61.5410
145 7878.9500 89.7200 62.8320
146 7933.1700 89.7000 62.7140
147 7987.4500 89.6800 63.2330
148 8041.6600 89.7100 62.8550
149 8096.0300 89.7300 63.5650
150 8150.1500 89.8700 63.2580
151 8204.3000 89.8200 62.7120
152 8258.4600 89.7700 63.3340
153 8312.6500 89.7500 62.5380
154 8367.1400 89.6900 62.6260
155 8421.5400 89.7900 62.5470
156 8475.9200 89.7400 63.5670
157 8530.2300 89.6900 63.8150
158 8584.4700 89.7200 64.1430
159 8638.6100 89.6500 65.4390
160 8693.0900 89.6200 65.8550
161 8747.4100 89.6900 66.3940
162 8801.7100 89.4600 68.2290
163 8856.0700 89.4000 68.8720
164 8910.3200 89.3800 70.1800
165 8964.4900 89.3800 69.5520
166 9018.7600 89.3300 68.8130
167 9072.8800 88.7100 69.3260
168 9126.9800 88.8300 66.3280
169 9181.4100 88.7000 65.3850
170 9235.7400 87.6900 67.6410
171 9290.1900 88.5600 58.5050
172 9344.3700 88.2500 63.2940
173 9398.6000 87.6800 58.8540
174 9453.0700 87.8800 60.3250
175 9507.3100 87.9900 56.9430
176 9561.5800 88.2000 53.4590
177 9615.9600 87.5600 57.0690
178 9670.1800 87.4500 55.4530
179 9724.3800 87.2400 53.4870
180 9778.6200 87.9500 51.6100
181 9832.8400 85.6400 61.6620
182 9887.2500 87.0200 54.1740
183 9941.3900 86.3900 51.9740
184 9995.4900 85.8400 59.5360
185 10049.9200 87.2600 51.8230
186 10104.1900 87.4200 51.5290
187 10158.4900 87.3000 50.4920
188 10212.7300 85.9200 50.9950
189 10267.0300 86.1900 53.7770
190 10321.1300 86.4800 55.1130
191 10375.3000 86.4700 52.2360
192 10429.4700 86.2800 54.1470
193 10483.7600 85.8200 55.1120
194 10537.9200 85.0000 60.2100
195 10592.0700 85.3300 56.9730
196 10646.4800 83.9900 65.4110
197 10700.7000 86.7600 54.3590
198 10754.8400 87.1500 51.9320
199 10809.0500 85.9700 53.8250
200 10863.1600 83.7800 63.6790
201 10917.4400 86.4600 52.7550
202 10971.6300 85.5200 61.4220
203 11025.9800 86.6800 55.3380
204 11080.1400 86.9100 54.2110
205 11134.4800 86.0800 56.6160
206 11188.6000 86.5900 53.9680
207 11242.9400 86.9500 55.0370
208 11297.2400 87.5000 54.6310
209 11351.4700 88.0900 48.9790
210 11405.8200 86.6300 55.4230
211 11460.0400 87.4200 52.8850
212 11514.4200 87.7300 51.4950
213 11568.6000 87.5600 51.6890
214 11622.7500 88.4300 49.2030
215 11677.1300 87.4300 53.8650
216 11731.4500 87.9500 51.8230
217 11785.8400 87.8900 56.9900
218 11840.0200 87.9800 53.0710
219 11894.1900 88.2000 52.2940
220 11948.5200 87.9800 57.0880
221 12002.8300 88.7300 54.6950
222 12057.0000 88.7900 52.3760
223 12111.1000 89.1600 53.7990
224 12165.4900 88.6900 55.3380
225 12219.7700 89.3800 54.0300
226 12273.9500 89.4400 56.0160
227 12328.2900 89.4100 58.6630
228 12382.6200 89.5800 55.0150
229 12436.8700 89.6200 56.3470
230 12490.9800 89.7400 55.7900
231 12545.2100 89.6600 58.3730
232 12599.5700 90.2300 59.1760
233 12653.6700 90.0300 60.9030
234 12707.9100 89.9300 60.8010
235 12762.1500 89.8100 61.0980
236 12816.5700 89.9800 62.1430
237 12870.7500 90.1100 61.9170
238 12924.9000 90.4500 62.2000
239 12979.1400 90.3400 60.2890
240 13033.4300 90.3900 61.4690
241 13087.5800 90.3900 61.4550
242 13142.0300 90.4400 61.2070
243 13196.3600 90.3800 62.0040
244 13250.6400 90.4100 62.1540
245 13304.8900 90.4800 61.4630
246 13359.2800 90.4200 61.5470
247 13413.7400 90.4700 61.6480
248 13468.1100 90.4600 62.2470
249 13522.1900 90.5900 61.3930
250 13576.5400 90.4900 62.2470
251 13630.8600 90.5100 61.4560
252 13685.2700 90.4500 61.5370
253 13739.4200 90.5200 61.3250
254 13793.7700 90.4900 61.9330
255 13848.0700 90.5400 61.8160
256 13902.2300 90.4800 62.7440
257 13956.6600 90.5400 62.3480
258 14011.0300 90.3600 62.5960
259 14065.1700 90.5100 62.6930
260 14119.3400 90.2700 64.2460
261 14173.4500 90.3100 64.9070
262 14227.6500 90.3300 65.1880
263 14281.9500 90.3500 65.8320
264 14336.2900 90.1300 66.9670
265 14390.6900 90.2100 66.0220
266 14444.8100 90.2000 66.0870
267 14499.1100 90.1000 68.0140
268 14553.2800 89.6700 71.3690
269 14607.6900 89.9500 68.8670
270 14661.9800 89.9700 67.5560
271 14716.3500 89.4700 68.6680
272 14770.7600 89.3400 67.5420
273 14825.0000 89.3700 62.8960
274 14879.2900 89.1000 63.1900
275 14933.6600 89.2400 59.7390
276 14987.9600 88.7500 58.2020
277 15042.3000 88.5500 60.7840
278 15096.4000 88.0300 58.3220
279 15150.7500 88.2500 59.6910
280 15204.9200 87.5000 59.9570
281 15259.1100 87.6900 57.3730
282 15313.3300 87.3000 59.4860
283 15367.6300 87.9400 55.8890
284 15421.7900 88.1200 50.6800
285 15476.0800 87.6200 54.2810
286 15530.3500 86.0500 61.1030
287 15584.5000 87.4500 49.8960
288 15638.7100 87.1900 56.7880
289 15692.9700 87.6500 50.6120
290 15747.1400 86.0000 59.3150
291 15801.4800 86.7400 51.8170
292 15855.8800 86.5400 56.7930
293 15910.1000 86.9100 53.2390
294 15964.3100 87.8100 50.4730
295 16018.7100 86.7100 54.3600
296 16072.8700 84.6800 64.3480
297 16127.1300 86.8700 52.4970
298 16181.2300 87.8800 48.7050
299 16235.5600 86.9600 54.5600
300 16289.9900 86.8700 49.5400
301 16344.3800 87.5600 49.9800
302 16398.7500 87.5800 51.5890
303 16453.2000 86.7600 55.9030
304 16507.5400 87.4000 51.6760
305 16561.8800 87.0100 50.1130
306 16616.3000 87.4400 54.4330
307 16670.7800 87.6200 54.2570
308 16725.2000 87.6300 50.2360
309 16779.3500 87.4700 50.5970
310 16833.6400 87.7800 54.6970
311 16887.9200 88.5000 49.8140
312 16942.1200 88.5000 52.0070
313 16996.5400 88.6000 50.6650
314 17050.7300 87.9300 51.0810
315 17104.8900 88.7600 46.4620
316 17159.3200 89.0000 50.3400
317 17213.6000 88.3400 49.5280
318 17267.9900 88.7500 50.1550
319 17322.1200 88.5800 54.0080
320 17376.2900 88.8800 51.1490
321 17430.4700 88.6200 55.1950
322 17484.7200 89.1300 54.6740
323 17539.1600 89.0300 56.7150
324 17593.5800 89.4000 55.9520
325 17647.7500 89.5100 54.5880
326 17701.9700 89.1200 55.5730
327 17756.1600 90.1200 52.8210
328 17810.3000 90.3700 50.0230
329 17864.5300 89.6500 57.2610
330 17918.6900 90.3200 53.2790
331 17973.1200 90.3900 53.3870
332 18027.5600 90.3400 54.8680
333 18081.8700 90.4200 54.9270
334 18136.0600 90.2400 57.7300
335 18190.4500 90.6100 56.1180
336 18244.8700 90.8000 55.4610
337 18299.0300 90.8300 57.2560
338 18353.3200 91.0200 55.8670
339 18407.6700 90.9000 56.5450
340 18461.9700 90.9600 56.7890
341 18516.0600 90.9900 56.9730
342 18570.4200 91.0800 56.8350
343 18624.6000 91.1500 55.8720
344 18678.7900 91.0700 56.6550
345 18732.9800 91.0400 56.3300
346 18787.2000 91.1900 56.4990
347 18841.4600 91.1500 56.9940
348 18895.6400 91.1300 56.9550
349 18949.8700 91.2500 56.6880
350 19004.2900 91.2500 56.7260
351 19058.6300 91.2400 56.3680
352 19112.8200 91.2300 56.5270
353 19166.9700 91.2200 56.5730
354 19221.1700 91.2700 56.3180
355 19275.3300 91.1700 56.4280
356 19329.5200 91.2200 56.6550
357 19383.6700 91.1200 56.9460
358 19437.9800 90.9400 56.7440
359 19492.1800 90.9800 57.3380
360 19546.4500 90.9800 57.3720
361 19600.8700 91.0300 57.9840
362 19655.0100 91.1000 57.0840
363 19709.2400 91.0900 57.5340
364 19763.6100 91.0300 58.7120
365 19817.9800 90.5900 59.6000
366 19872.2200 90.7800 60.6790
367 19926.6000 90.7100 59.2760
368 19980.9600 90.4100 61.7790
369 20035.3100 90.4400 61.6890
370 20089.4700 90.5400 60.1900
371 20143.7800 90.4400 62.7160
372 20198.1100 89.6000 62.1280
373 20252.2700 89.5900 62.6750
374 20306.4200 89.7900 61.5330
375 20360.6300 89.6100 58.7880
376 20414.7800 89.4400 53.6170
377 20469.0000 89.3200 60.8610
378 20523.2900 88.5800 61.1860
379 20577.4100 89.2400 54.4090
380 20631.8700 88.9900 53.5430
381 20686.2900 88.6500 52.4050
382 20740.6800 88.5100 51.5240
383 20794.9300 88.4100 50.3610
384 20849.2400 87.1700 55.8190
385 20903.4400 86.8900 56.1680
386 20957.8200 85.9500 67.6730
387 21012.2500 87.5800 52.8550
388 21066.4700 87.2700 53.3610
389 21120.8600 87.8400 47.5180
390 21175.1400 87.3800 53.4250
391 21229.2900 86.7700 53.3820
392 21283.7400 87.2900 53.4700
393 21338.0300 87.9500 50.4870
394 21392.2400 86.8800 54.7950
395 21446.4400 87.4100 50.0180
396 21500.8200 87.7400 49.2900
397 21555.2300 87.3600 52.7060
398 21609.6100 87.3200 50.1770
399 21663.7100 86.8100 55.5450
400 21717.9100 88.3400 45.6330
401 21772.1200 87.4100 54.2690
402 21826.4600 87.3900 52.9020
403 21880.8300 88.0600 47.8340
404 21935.2700 88.4300 51.2860
405 21989.4700 87.3200 53.6640
406 22043.8200 89.1800 46.8490
407 22097.9700 87.0500 54.0010
408 22152.1600 88.1200 48.3000
409 22206.3500 87.4000 51.4330
410 22260.6400 88.3100 54.3610
411 22314.8500 87.8100 52.7750
412 22369.0800 87.6400 55.6910
413 22423.4500 89.1600 48.0720
414 22477.7700 88.7500 51.5250
415 22532.0000 88.2500 53.8880
416 22586.2000 89.1200 48.2800
417 22640.4600 89.1200 53.4790
418 22694.6800 89.3600 54.4890
419 22748.9000 88.8400 53.1930
420 22803.4100 89.1400 52.7470
421 22857.6400 89.3200 53.9990
422 22911.9100 89.5000 55.0590
423 22966.2100 89.1000 60.8830
424 23020.6000 89.2500 55.7830
425 23074.9200 90.2700 50.0530
426 23129.2800 90.2900 52.6630
427 23183.5300 90.2700 55.3130
428 23238.0200 90.1900 54.8110
429 23292.3500 90.3500 56.0750
430 23346.7800 90.8000 54.7630
431 23401.2200 90.8800 55.5510
432 23455.6000 91.0900 56.0590
433 23510.0100 91.1700 55.1650
434 23564.3900 90.8900 55.5760
435 23618.7700 91.3200 55.2420
436 23673.1300 91.1300 57.0030
437 23727.5800 91.1900 56.4370
438 23782.0400 91.2800 55.7470
439 23836.3100 91.3400 55.8110
440 23890.6400 91.3800 55.7830
441 23944.8500 91.4900 55.7860
442 23999.3700 91.3600 56.1530
443 24053.7200 91.4300 56.1340
444 24107.9800 91.4400 56.5160
445 24162.3000 91.4100 56.9810
446 24216.6300 91.3900 56.5120
447 24271.0100 91.4800 56.1870
448 24325.2300 91.4000 56.4820
449 24379.5100 91.4400 56.6260
450 24433.6800 91.5000 56.6580
451 24487.8300 91.5000 56.2110
452 24542.0600 91.4300 56.4460
453 24596.2200 91.3400 56.3560
454 24650.4900 91.4400 56.5400
455 24705.0100 91.3100 56.4310
456 24759.2300 91.4500 56.4940
457 24813.3800 91.4800 56.5550
458 24867.6000 91.4400 56.2800
459 24921.9500 91.4400 56.5730
460 24976.3300 91.5500 56.8180
461 25030.8000 91.3600 57.1230
462 25084.9100 91.4500 58.0040
463 25139.0900 91.5400 57.5980
464 25193.2800 91.3900 57.9960
465 25247.6800 91.5700 57.4750
466 25302.0700 91.3500 58.5010
467 25356.4100 91.4300 58.1990
468 25410.7900 91.2300 59.3650
469 25465.1200 91.2300 60.4010
470 25519.5100 90.8500 62.0450
471 25573.8600 91.1000 60.7950
472 25628.0000 90.5400 60.8170
473 25682.5000 90.5700 61.7630
474 25736.7100 90.7900 58.4830
475 25791.0400 90.1500 58.0680
476 25845.2100 89.3500 63.1730
477 25899.3400 89.0000 60.2690
478 25953.7700 89.5800 56.2440
479 26008.0500 89.0900 55.7700
480 26062.4400 88.6500 58.6230
481 26116.5800 89.1900 51.3890
482 26170.7000 88.1700 51.0620
483 26225.1500 89.4000 49.6100
484 26279.5400 88.9900 51.3190
485 26333.8400 88.2000 49.7320
486 26388.1900 88.2900 52.6900
487 26442.3500 87.2700 57.4780
488 26496.7300 86.1600 60.5300
489 26551.0200 87.6800 51.0650
490 26605.2200 86.5300 60.8080
491 26659.5000 87.0600 52.3280
492 26713.7000 87.0300 56.6960
493 26767.7800 88.7200 45.3360
494 26821.9200 86.6000 61.0750
495 26876.1100 86.6800 52.9910
496 26930.3100 88.4700 49.6370
497 26984.5800 86.8900 50.2930
498 27038.7900 87.5600 52.1700
499 27093.1200 88.2400 51.5680
500 27147.3100 86.9800 56.0480
501 27201.5100 87.9500 53.0590
502 27255.7400 87.3700 56.1670
503 27309.9100 88.1400 56.5670
504 27364.1200 86.8600 56.5470
505 27418.3400 88.2700 47.7590
506 27472.5700 87.7100 52.8190
507 27526.9000 87.9500 53.1080
508 27581.2300 89.4700 44.2670
509 27635.4300 88.6700 47.9350
510 27689.8200 89.2600 46.8570
511 27744.0700 87.8300 57.4960
512 27798.5100 89.2700 46.2760
513 27852.7700 87.8000 56.0230
514 27906.9800 89.5700 49.2050
515 27961.0900 88.9900 54.2090
516 28015.2100 89.3400 50.7120
517 28069.5400 89.5600 50.4430
518 28123.6600 89.3400 50.1920
519 28178.1700 89.7500 47.3180
520 28232.4000 89.9100 51.0360
521 28286.6500 90.3300 49.2500
522 28340.7900 90.5100 47.1150
523 28395.0100 90.1100 50.1780
524 28449.3000 90.4300 48.4540
525 28503.7000 90.6200 51.4830
526 28558.0500 90.9300 52.4860
527 28612.4200 90.7000 51.6440
528 28666.8300 90.7500 51.5760
529 28721.2200 91.4300 50.9350
530 28775.3400 91.1600 51.1910
531 28829.5900 91.3100 51.9690
532 28884.0100 91.4200 51.0120
533 28938.3800 91.4800 51.5720
534 28992.8400 91.5800 50.9450
535 29047.2300 91.6700 51.8510
536 29101.6500 91.5300 52.2610
537 29155.9300 91.5300 54.1160
538 29210.3400 91.5300 53.2320
539 29264.8000 91.5800 52.5490
540 29319.1300 91.4500 52.0290
541 29373.3100 91.6300 52.8030
542 29427.6800 91.6500 52.5760
543 29481.9700 91.5400 53.0340
544 29536.1500 91.7800 52.7200
545 29590.4500 91.7000 52.4960
546 29644.8100 91.8000 52.3080
547 29699.0400 91.6900 52.3140
548 29753.5200 91.7200 52.1670
549 29807.9700 91.7500 52.0560
550 29862.3500 91.8000 52.0420
551 29916.6000 91.7100 52.3870
552 29970.7600 91.7800 52.4890
553 30025.0100 91.7200 52.5990
554 30079.1700 91.7800 52.1710
555 30133.5400 91.7200 52.1730
556 30187.8900 91.7400 52.1910
557 30242.1000 91.7500 52.3170
558 30296.3000 91.8200 52.3210
559 30350.5300 91.8000 52.0420
560 30404.9600 91.7000 52.9390
561 30459.2000 91.8300 52.6710
562 30513.4000 91.7400 52.8360
563 30567.5400 91.7500 53.0730
564 30621.9900 91.7200 53.1780
565 30676.1800 91.5100 54.0900
566 30730.5900 91.6300 54.2200
567 30784.9900 91.5800 54.7610
568 30839.1400 91.5400 55.5790
569 30893.3600 91.2900 57.5390
570 30947.7400 91.5200 54.5560
571 31001.9100 91.4800 56.0530
572 31056.3200 91.5500 55.5310
573 31110.5700 91.2300 55.8380
574 31164.7100 90.7900 54.8630
575 31219.0300 90.4400 56.7380
576 31273.1900 89.9700 59.3930
577 31327.6200 90.5700 51.9040
578 31382.0700 90.1400 54.7260
579 31436.4400 89.9300 50.9780
580 31490.5900 90.2100 49.1350
581 31544.8000 89.5000 52.0850
582 31599.1700 89.3100 52.0710
583 31653.5200 89.3000 48.3720
584 31707.6300 89.0300 49.1200
585 31762.0400 88.7500 46.3390
586 31816.3800 89.6900 49.3890
587 31870.7400 88.3500 54.6690
588 31924.8900 88.9400 44.9470
589 31979.3300 88.0100 48.6810
590 32033.7600 88.5100 49.8790
591 32087.9400 87.6600 46.9290
592 32142.1200 87.7700 51.6050
593 32196.4300 88.1400 49.4410
594 32250.6100 88.7800 46.0010
595 32305.0400 88.8400 47.1880
596 32359.3400 87.9600 49.8390
597 32413.5200 88.9000 41.8570
598 32467.7000 88.6900 44.2570
599 32521.9000 87.7700 46.8070
600 32576.0600 87.2100 53.3530
