1 19.5700 10.1400 232.0970
2 35.1800 13.7300 227.3690
3 50.9300 18.3900 201.0130
4 66.7500 26.0200 184.6080
5 82.3700 28.8600 173.3920
6 98.0200 32.7900 163.3650
7 113.6100 35.3500 163.5900
8 129.2000 44.4900 144.8000
9 144.8300 52.3800 133.0570
10 160.4200 54.1300 124.1390
11 176.0400 57.8400 130.3200
12 191.6400 62.4900 107.1330
13 207.2600 64.5700 105.8190
14 222.8900 66.8400 97.3750
15 238.4700 70.2500 84.6690
16 254.0600 73.4400 77.3640
17 269.6500 77.7900 67.2560
18 285.2300 76.5800 71.6340
19 300.8300 79.0600 63.3110
20 316.4300 77.3700 71.5290
21 332.0500 81.9100 54.8030
22 347.6500 81.8900 54.9210
23 363.2700 83.8800 49.5510
24 378.8900 83.6100 48.9450
25 394.5500 84.8800 45.4120
26 410.1800 84.3500 47.9580
27 425.8000 85.1600 46.1740
28 441.3800 86.1700 42.6080
29 456.9900 83.9600 50.8880
30 472.6000 85.7800 43.9590
31 488.1900 86.0500 44.6260
32 503.8100 87.0200 41.0190
33 519.4200 87.3800 42.5750
34 535.0900 87.1400 41.1290
35 550.6600 88.1400 38.1610
36 566.2500 87.7300 40.1810
37 581.8700 88.1200 40.1460
38 597.4800 88.3600 39.2210
39 613.1000 89.0000 39.8970
40 628.6700 88.9800 39.4520
41 644.2700 88.8700 39.8730
42 659.8500 88.8600 41.2460
43 675.4300 89.2100 40.3440
44 691.0200 89.1600 41.4180
45 706.5900 89.1000 42.0830
46 722.2300 89.2300 41.4850
47 737.8500 89.1500 42.2990
48 753.4300 89.1500 42.1380
49 769.0600 89.2300 42.3650
50 784.6700 89.3500 41.8750
51 800.2500 89.2700 41.9100
52 815.8800 89.3500 41.5670
53 831.4300 89.2300 42.0550
54 847.0200 89.3200 42.4680
55 862.6400 89.2600 42.8530
56 878.2300 89.2600 42.9130
57 893.8500 89.2000 43.1260
58 909.4400 89.2100 43.7680
59 925.0100 88.8300 45.0630
60 940.6500 88.7100 47.0610
61 956.2800 88.9500 45.0700
62 971.9000 88.6500 44.1140
63 987.4900 88.0200 46.6310
64 1003.0800 88.3900 45.7750
65 1018.6700 88.1400 45.0420
66 1034.2700 88.5500 42.3250
67 1049.8700 87.1400 50.0270
68 1065.5100 87.0400 48.5090
69 1081.1200 87.3200 47.0020
70 1096.7300 87.5200 44.2890
71 1112.3100 87.2100 46.9130
72 1127.9400 87.6400 42.4020
73 1143.5300 87.3200 42.4980
74 1159.1400 87.0800 44.5400
75 1174.7300 85.1500 51.2860
76 1190.4000 86.5800 45.0710
77 1206.0500 86.9700 45.6270
78 1221.7000 86.8100 43.6350
79 1237.2900 86.2800 47.1140
80 1252.9300 84.8600 56.6670
81 1268.5400 85.6100 49.7220
82 1284.1200 87.9700 41.2620
83 1299.7200 85.6100 51.2830
84 1315.3600 86.4400 47.6900
85 1330.9400 86.9000 44.5010
86 1346.5500 86.1300 51.2760
87 1362.1700 87.9800 38.7370
88 1377.7700 87.6800 42.5720
89 1393.4100 86.9100 45.1920
90 1408.9300 87.1900 45.3970
91 1424.4900 87.3300 45.1550
92 1440.1200 87.9300 42.5820
93 1455.7800 87.7100 42.5320
94 1471.4200 87.5300 44.3740
95 1487.0400 88.6400 40.1250
96 1502.6300 88.2500 40.6250
97 1518.2600 86.9200 46.9550
98 1533.8800 85.3300 53.6820
99 1549.5300 87.5600 46.6430
100 1565.1700 87.7000 44.6790
101 1580.8000 88.4500 42.1910
102 1596.4100 87.5800 45.3660
103 1611.9900 87.8100 43.3660
104 1627.6000 88.9600 40.8570
105 1643.2200 89.1000 38.9790
106 1658.8200 87.6200 50.1360
107 1674.4400 88.5800 43.1210
108 1690.0400 87.7900 47.6010
109 1705.6500 89.2400 41.8810
110 1721.2600 89.0600 43.8780
111 1736.9000 89.6000 42.4400
112 1752.5100 88.8900 45.9080
113 1768.1300 89.7200 41.4850
114 1783.7500 89.4600 45.0160
115 1799.3300 89.4700 42.6970
116 1814.9200 89.0100 41.9720
117 1830.5300 89.8300 43.2710
118 1846.1700 89.6400 45.9870
119 1861.7800 89.4400 48.5170
120 1877.4000 89.8700 42.6990
121 1893.0100 90.2200 44.4450
122 1908.6300 90.0300 44.7790
123 1924.2300 90.6900 44.2060
124 1939.8300 89.9000 47.3630
125 1955.4200 90.3500 48.9440
126 1971.0400 90.5200 48.1870
127 1986.6600 90.3800 49.3540
128 2002.2600 91.4600 44.8560
129 2017.8900 90.7800 48.1530
130 2033.4900 91.3600 45.8850
131 2049.0900 91.1800 48.8380
132 2064.7200 91.5500 46.1820
133 2080.2700 91.5000 48.5140
134 2095.9200 91.5600 50.0720
135 2111.5300 91.8600 49.1620
136 2127.1100 91.9300 49.8340
137 2142.7400 91.7900 51.0640
138 2158.3300 91.6800 50.3550
139 2173.9200 92.0200 50.1250
140 2189.4900 92.0500 49.8040
141 2205.1000 91.8700 49.6870
142 2220.6900 91.9000 49.5760
143 2236.2700 91.8500 49.7510
144 2251.9000 92.0700 49.4080
145 2267.5000 92.1100 49.9470
146 2283.1100 92.1000 50.1490
147 2298.7400 92.1200 49.9990
148 2314.3500 92.1500 49.8910
149 2329.9200 92.0800 49.8010
150 2345.5500 92.0100 49.7430
151 2361.1400 92.1400 49.7260
152 2376.7500 92.0600 49.8240
153 2392.3400 91.9600 49.8520
154 2407.9100 92.0800 49.6360
155 2423.5400 92.0800 49.8040
156 2439.1200 92.1600 49.6770
157 2454.6700 92.1900 49.8670
158 2470.2800 92.1200 50.1180
159 2485.8600 92.2500 50.6440
160 2501.4700 92.1600 51.2550
161 2517.1100 92.1200 50.9570
162 2532.7100 91.9100 51.5590
163 2548.3200 91.9000 53.4290
164 2563.9200 91.8100 53.7240
165 2579.5200 91.9600 54.2360
166 2595.1100 91.8300 54.0360
167 2610.6700 91.9400 54.4720
168 2626.3200 91.8800 54.4470
169 2641.9000 91.7700 56.3030
170 2657.4800 91.2800 53.3270
171 2673.1200 91.2100 55.0180
172 2688.7000 90.7400 52.1030
173 2704.3500 90.5900 54.9250
174 2719.9100 91.3000 47.8740
175 2735.5100 89.9000 53.8740
176 2751.1200 90.6900 45.1040
177 2766.7500 90.4200 47.3060
178 2782.3700 89.9800 48.1130
179 2797.9700 90.5400 47.6600
180 2813.6000 89.5900 48.2740
181 2829.2000 90.0700 46.9770
182 2844.8000 89.4500 49.7800
183 2860.3600 89.5300 44.8250
184 2875.9800 89.9400 42.7460
185 2891.5900 90.1900 44.4450
186 2907.1700 89.8600 43.9440
187 2922.7700 89.4400 44.4690
188 2938.4000 88.8800 48.2460
189 2953.9800 88.5300 51.9700
190 2969.5900 89.3200 43.7910
191 2985.1400 89.4400 43.7140
192 3000.7200 88.5700 47.1990
193 3016.3400 88.7500 45.9780
194 3031.9800 88.5800 45.2480
195 3047.5600 89.8700 41.6500
196 3063.1900 89.3000 42.3270
197 3078.8000 89.7300 41.0400
198 3094.4600 89.8100 41.1830
199 3110.0800 88.8300 47.3360
200 3125.7300 89.5600 44.1550
201 3141.3100 88.9000 44.2940
202 3156.8900 89.8600 40.7810
203 3172.4700 89.7400 42.1370
204 3188.0800 89.4400 43.1310
205 3203.6900 89.5600 41.6420
206 3219.3100 89.6700 40.5770
207 3234.9500 89.6600 44.7010
208 3250.5200 89.9700 40.9910
209 3266.1200 89.2300 50.3840
210 3281.7200 90.3700 41.6670
211 3297.3300 89.5300 46.0590
212 3312.9300 90.5200 43.2150
213 3328.5200 90.5200 40.9520
214 3344.1300 90.1400 44.4920
215 3359.7000 90.1600 46.1200
216 3375.3200 90.5700 45.6250
217 3390.9700 90.6600 45.1520
218 3406.6000 90.8100 44.2110
219 3422.2500 89.5900 53.9010
220 3437.9000 90.8600 47.3300
221 3453.5000 91.0500 44.8970
222 3469.1400 90.9800 45.5680
223 3484.7400 91.1100 46.1800
224 3500.3700 91.6700 46.7460
225 3516.0000 90.7200 51.6910
226 3531.6900 91.4900 47.4660
227 3547.2800 91.4200 48.0950
228 3562.9000 91.2700 46.8040
229 3578.5300 91.7700 47.5970
230 3594.1600 91.7700 48.4610
231 3609.7700 92.0100 48.1160
232 3625.3700 92.1800 49.5540
233 3640.9700 92.0200 49.4660
234 3656.5900 92.1800 49.9390
235 3672.2100 92.2900 48.7650
236 3687.7800 92.2400 50.5040
237 3703.3900 92.1100 50.2630
238 3718.9800 92.4200 49.0630
239 3734.5700 92.4400 48.0540
240 3750.1900 92.5000 48.3080
241 3765.7900 92.4400 48.5830
242 3781.4100 92.5300 48.4660
243 3796.9800 92.5400 48.9160
244 3812.6100 92.6000 48.8330
245 3828.2300 92.5700 49.1720
246 3843.7900 92.5700 48.8340
247 3859.4100 92.6300 48.7650
248 3875.0200 92.5900 48.6990
249 3890.5700 92.5400 49.2220
250 3906.1800 92.6300 48.8010
251 3921.7800 92.6200 48.7950
252 3937.3600 92.6400 48.8640
253 3952.9500 92.5500 48.6520
254 3968.5300 92.5400 49.3040
255 3984.0900 92.6500 48.6660
256 3999.7100 92.6400 49.3600
257 4015.3000 92.6200 49.1490
258 4030.8600 92.5500 49.1290
259 4046.4800 92.5700 48.6700
260 4062.0800 92.5800 49.1380
261 4077.6600 92.4300 49.3800
262 4093.2500 92.6400 49.8620
263 4108.9000 92.5600 49.4010
264 4124.5200 92.5600 49.2560
265 4140.0800 92.5100 50.5640
266 4155.6500 92.4500 51.5530
267 4171.2300 92.4400 51.6400
268 4186.8400 92.4700 50.0060
269 4202.4800 92.5400 50.6860
270 4218.0600 92.0600 53.0100
271 4233.6400 92.2200 49.7650
272 4249.2500 92.1700 51.1770
273 4264.8500 91.7200 54.5770
274 4280.4600 91.6300 53.9350
275 4296.0300 91.4800 51.6660
276 4311.6100 91.0400 52.8850
277 4327.2100 91.4600 46.7930
278 4342.8000 90.3900 47.8760
279 4358.3800 91.2800 45.0310
280 4373.9800 89.5700 52.7890
281 4389.5600 91.0300 43.9030
282 4405.1700 90.3100 44.5750
283 4420.7600 88.8800 55.0820
284 4436.3700 89.8700 44.3810
285 4451.9800 90.1600 42.8610
286 4467.5600 89.4300 50.1030
287 4483.1500 89.1500 47.0190
288 4498.7600 89.8300 43.2480
289 4514.3600 89.2300 50.4330
290 4529.9500 87.6500 52.3930
291 4545.5000 89.7400 46.2540
292 4561.0800 90.1900 45.3720
293 4576.6600 89.3200 46.3910
294 4592.2700 88.4500 50.6080
295 4607.8400 89.5400 48.9670
296 4623.4400 89.7000 40.9650
297 4639.0400 89.5600 44.2640
298 4654.6500 89.3700 46.4270
299 4670.2400 89.8500 46.3780
300 4685.8600 89.7100 44.1470
301 4701.4400 89.4300 45.9630
302 4717.0200 89.3900 46.2530
303 4732.5800 89.3300 44.9960
304 4748.1800 89.6800 46.9150
305 4763.7900 89.1300 45.3080
306 4779.4100 89.9100 43.3080
307 4794.9700 90.6900 39.7950
308 4810.6200 89.9400 44.7620
309 4826.1900 90.5200 43.3380
310 4841.7800 89.8200 41.2970
311 4857.3900 89.3400 47.4490
312 4873.0100 90.6200 41.5000
313 4888.5900 90.6900 41.0850
314 4904.1700 89.6300 48.6020
315 4919.7800 91.2700 44.0980
316 4935.3500 90.8000 45.7130
317 4950.9400 90.8600 49.3440
318 4966.5300 91.0300 43.7730
319 4982.1000 91.6300 45.0620
320 4997.6700 91.3300 46.0390
321 5013.3000 90.8800 48.5870
322 5028.9400 90.7600 47.3650
323 5044.5700 91.2000 46.0360
324 5060.1500 91.3900 48.9900
325 5075.7700 91.8000 45.0560
326 5091.3800 92.1900 44.4480
327 5107.0100 91.9500 46.6020
328 5122.6200 91.9600 48.4080
329 5138.2300 92.0100 49.3640
330 5153.8400 92.0200 51.0180
331 5169.4100 92.2800 49.7890
332 5184.9700 92.1200 52.1600
333 5200.5700 92.1900 50.3910
334 5216.1500 92.4600 50.7960
335 5231.7500 92.4200 50.7130
336 5247.3100 92.4000 50.7320
337 5262.9000 92.4100 50.0180
338 5278.5100 92.5400 50.2160
339 5294.1200 92.4000 50.8180
340 5309.7300 92.5100 50.1000
341 5325.3000 92.5200 50.0390
342 5340.8800 92.6400 49.8820
343 5356.5400 92.6900 49.7890
344 5372.1000 92.6000 50.2970
345 5387.7100 92.6900 49.8670
346 5403.3100 92.6900 49.6800
347 5418.9500 92.6100 50.4450
348 5434.5600 92.6400 49.8590
349 5450.2100 92.6700 49.6000
350 5465.8000 92.7200 50.1620
351 5481.4000 92.6600 49.8490
352 5497.0000 92.7000 50.1020
353 5512.6400 92.7600 50.0530
354 5528.2000 92.7200 49.4630
355 5543.7600 92.6300 49.9970
356 5559.3100 92.6900 49.7920
357 5574.9400 92.7000 49.7770
358 5590.5800 92.6800 50.0210
359 5606.1500 92.7500 50.1020
360 5621.7100 92.6900 50.2420
361 5637.3000 92.7400 50.5300
362 5652.9000 92.6800 50.8310
363 5668.5300 92.5900 50.0550
364 5684.1200 92.5500 50.7800
365 5699.7200 92.5400 51.0760
366 5715.3200 92.5800 51.1100
367 5730.9900 92.6600 50.9750
368 5746.5900 92.4800 51.4420
369 5762.1500 92.5200 51.3770
370 5777.7500 92.3900 52.2310
371 5793.3600 92.2100 52.0180
372 5808.9300 92.3100 51.8290
373 5824.5100 92.1100 53.2650
374 5840.1000 92.2000 51.5250
375 5855.7300 91.5800 52.2570
376 5871.3300 91.8700 47.9620
377 5886.9600 91.4000 49.8370
378 5902.5800 91.2300 45.1540
379 5918.1800 91.4000 50.7690
380 5933.8200 91.1800 46.1770
381 5949.4100 90.5600 46.5630
382 5964.9700 90.7200 45.7740
383 5980.6000 90.4000 45.6640
384 5996.1900 89.9700 48.5160
385 6011.7900 90.4500 45.5680
386 6027.4000 89.7000 45.5870
387 6042.9900 90.5500 41.2580
388 6058.5900 90.1700 43.5220
389 6074.1500 89.7700 41.8940
390 6089.7700 90.9900 38.9970
391 6105.3500 90.1400 42.7600
392 6120.9600 89.7200 43.9340
393 6136.5300 89.1700 49.5550
394 6152.1300 89.8000 43.6330
395 6167.6800 88.3600 48.3960
396 6183.2400 89.0800 45.7590
397 6198.8400 89.2000 46.9370
398 6214.4700 88.7100 50.8960
399 6230.0800 89.7800 45.7110
400 6245.7100 89.2500 46.1230
401 6261.3500 89.8900 44.9710
402 6276.9800 90.0200 46.7010
403 6292.5900 89.8000 47.2630
404 6308.1500 90.2200 43.8230
405 6323.7500 89.6600 46.8250
406 6339.3600 89.8700 45.8950
407 6354.9200 88.5500 52.1080
408 6370.5400 89.3700 47.5660
409 6386.1300 90.8800 41.7220
410 6401.7600 90.2800 44.1690
411 6417.3500 90.2300 42.2940
412 6433.0200 90.6800 44.4910
413 6448.6100 91.4000 41.8080
414 6464.1900 90.7700 45.4810
415 6479.7700 90.8100 43.4810
416 6495.3600 91.0200 45.0360
417 6510.9200 91.3400 43.8190
418 6526.5100 91.1200 45.9580
419 6542.1500 91.0200 49.5850
420 6557.7600 91.4200 48.9480
421 6573.3700 91.1400 48.3060
422 6588.9700 91.2400 48.5850
423 6604.5800 91.6300 45.6620
424 6620.1700 91.8300 42.5780
425 6635.8000 91.8100 46.0770
426 6651.3900 92.0000 46.7440
427 6666.9800 92.1800 43.5840
428 6682.5900 92.4300 43.8510
429 6698.1800 92.0700 46.6400
430 6713.7800 92.6200 43.9570
431 6729.3900 92.4900 44.8130
432 6744.9900 92.6100 44.3900
433 6760.5400 92.5100 45.3970
434 6776.1500 92.3800 45.3800
435 6791.7700 92.7400 46.1460
436 6807.3900 92.5500 46.1820
437 6822.9900 92.6300 45.4570
438 6838.5800 92.6300 45.5340
439 6854.2000 92.7800 45.9360
440 6869.7700 92.8100 45.4750
441 6885.3800 92.7100 46.1790
442 6900.9800 92.8300 45.8060
443 6916.5900 92.7600 45.8100
444 6932.1700 92.9400 45.5230
445 6947.7900 92.8400 45.1480
446 6963.3900 92.8100 45.4570
447 6978.9700 92.8600 45.4320
448 6994.5700 92.7900 45.8940
449 7010.1600 92.9100 45.6330
450 7025.7800 92.8900 45.4010
451 7041.3900 92.8800 45.7690
452 7056.9900 92.9000 45.2270
453 7072.5900 92.8900 45.0260
454 7088.1900 92.7900 45.9640
455 7103.7600 92.8600 45.1500
456 7119.3500 92.8400 45.0960
457 7134.9700 92.8900 45.1730
458 7150.5700 92.9200 44.9380
459 7166.1700 92.8700 45.4040
460 7181.7900 92.9200 45.5240
461 7197.3800 92.8600 45.7470
462 7212.9700 92.9000 45.4080
463 7228.5700 92.7300 45.6150
464 7244.1800 92.9000 45.7010
465 7259.7900 92.8300 46.3760
466 7275.3800 92.7000 46.8680
467 7290.9800 92.9200 46.2910
468 7306.5700 92.7500 46.1760
469 7322.1800 92.7500 46.9270
470 7337.7800 92.8600 47.5750
471 7353.3200 92.9700 47.7660
472 7368.9700 92.8800 47.9830
473 7384.5700 92.4700 50.0100
474 7400.1300 92.2500 50.7550
475 7415.7100 92.2300 48.7690
476 7431.2900 91.7800 52.5970
477 7446.9000 90.9800 48.5790
478 7462.5300 91.4300 44.7520
479 7478.1200 91.6900 45.6270
480 7493.6700 90.8800 45.8100
481 7509.2300 90.7400 47.2510
482 7524.8200 90.9100 45.5100
483 7540.4300 90.6300 47.3660
484 7556.0000 90.6900 44.1770
485 7571.5600 90.4000 44.1640
486 7587.1600 89.4500 49.0600
487 7602.7700 90.3800 46.9210
488 7618.4100 89.9800 44.6230
489 7634.0100 88.9100 48.0580
490 7649.5500 90.0100 42.6290
491 7665.1500 89.7500 45.2500
492 7680.7700 89.5900 40.6920
493 7696.3800 89.4100 42.6870
494 7711.9900 90.9100 39.4950
495 7727.5700 90.4100 39.6670
496 7743.1100 90.6600 40.6910
497 7758.7200 89.6800 44.0270
498 7774.3000 89.7200 45.5170
499 7789.8600 88.8600 50.2440
500 7805.4600 90.3600 41.8800
501 7821.0700 89.8500 43.8820
502 7836.6500 90.2400 44.7970
503 7852.2500 89.5200 47.0170
504 7867.8500 90.7400 38.5950
505 7883.4300 89.8500 46.0530
506 7899.0200 90.0300 44.3000
507 7914.6200 89.8600 48.6340
508 7930.2300 90.2800 44.4710
509 7945.8600 90.1500 48.5680
510 7961.4600 90.3700 46.7490
511 7977.0800 91.5000 37.9840
512 7992.6600 91.3100 42.0140
513 8008.2400 90.9700 42.1930
514 8023.8700 90.8200 44.5590
515 8039.5000 91.0200 44.7930
516 8055.0800 91.5300 43.5500
517 8070.6500 91.3900 44.3090
518 8086.2700 91.8800 42.1710
519 8101.9100 91.3700 46.9000
520 8117.4900 92.0800 41.7370
521 8133.0700 91.7800 45.7350
522 8148.6400 92.2200 42.4370
523 8164.2500 91.6300 47.2370
524 8179.8800 92.4700 42.2500
525 8195.5200 92.7000 41.7060
526 8211.1000 92.3000 43.6620
527 8226.6700 92.4000 43.5410
528 8242.2800 92.8700 43.0570
529 8257.8900 92.9900 44.0490
530 8273.5100 92.9800 44.0940
531 8289.1300 93.0300 44.2150
532 8304.7600 93.1700 44.6740
533 8320.3400 93.1200 43.5910
534 8335.9300 93.1700 43.3330
535 8351.5400 93.2800 42.7760
536 8367.1300 93.2700 42.8120
537 8382.7400 93.1500 43.5110
538 8398.3600 93.3200 43.4900
539 8413.9700 93.3200 42.6930
540 8429.5600 93.2900 43.3310
541 8445.1800 93.3000 43.1700
542 8460.7600 93.3900 43.2630
543 8476.3500 93.2800 42.8050
544 8492.0000 93.3800 42.6910
545 8507.5500 93.2800 42.8710
546 8523.1300 93.3100 42.8630
547 8538.7100 93.3700 43.3380
548 8554.2900 93.3300 42.8650
549 8569.9400 93.3300 42.9120
550 8585.5700 93.4100 43.0690
551 8601.1800 93.2800 42.6890
552 8616.7800 93.3000 42.9060
553 8632.4100 93.2800 43.0160
554 8648.0000 93.3600 42.8560
555 8663.6200 93.3100 42.8910
556 8679.2300 93.3600 43.3550
557 8694.8500 93.2900 43.0500
558 8710.4500 93.3700 42.8560
559 8725.9900 93.3200 43.3430
560 8741.5600 93.3000 42.8910
561 8757.1400 93.3700 42.9210
562 8772.7300 93.2100 43.1980
563 8788.3500 93.2800 43.5290
564 8803.9600 93.4400 42.8910
565 8819.5600 93.4800 42.9170
566 8835.1600 93.2200 43.7970
567 8850.7400 93.3400 43.2690
568 8866.3100 93.2800 43.2690
569 8881.8600 93.0700 43.4120
570 8897.4500 93.1900 44.5680
571 8913.0300 93.3100 43.8630
572 8928.5900 92.9900 45.3570
573 8944.1700 92.7900 46.9840
574 8959.8100 92.5800 48.8780
575 8975.4300 91.7600 52.1940
576 8990.9900 92.3700 45.1320
577 9006.5700 92.4800 46.8850
578 9022.1500 91.9200 44.8740
579 9037.7600 91.8700 45.4490
580 9053.3600 90.8800 50.6130
581 9068.9100 90.4900 47.8350
582 9084.4700 91.2500 43.2430
583 9100.0700 91.3000 42.5310
584 9115.6900 89.5500 50.0500
585 9131.2900 90.0200 49.3190
586 9146.9000 90.8400 44.5800
587 9162.5200 90.4700 44.9590
588 9178.0900 90.6300 39.0760
589 9193.6300 90.4700 43.7490
590 9209.1900 89.0300 51.0520
591 9224.7600 89.7700 45.2740
592 9240.3600 89.9200 46.0950
593 9255.9700 89.7600 43.8120
594 9271.5300 90.8400 39.1510
595 9287.1100 90.2400 43.0580
596 9302.7000 90.0900 47.6850
597 9318.3300 90.3100 45.2650
598 9333.8800 90.1800 46.1970
599 9349.4900 89.9600 44.3470
600 9365.1300 89.6300 46.2940
