1 10.1200 23.1200 202.0160
2 18.9600 34.9800 173.9170
3 27.8600 36.4800 174.7150
4 36.8900 40.8900 164.5500
5 45.8000 48.5500 141.2480
6 54.6300 51.3200 134.0810
7 63.6900 52.1700 137.3030
8 72.4200 60.2000 112.0720
9 81.1900 61.7700 111.1390
10 90.0100 66.5700 97.0550
11 98.8000 69.3400 88.7470
12 107.7000 67.8300 96.5900
13 116.5100 73.8400 77.0670
14 125.2500 74.7000 72.2250
15 134.1600 76.1700 70.3920
16 142.9900 78.2700 64.9760
17 151.9000 78.5900 64.0350
18 160.7900 79.7000 60.3780
19 169.6900 80.4200 58.8810
20 178.7300 81.3800 56.4210
21 187.6400 82.2600 54.8370
22 196.4300 82.6800 52.2220
23 205.3700 83.6600 49.9450
24 214.2400 84.1700 48.8520
25 222.9500 85.5400 44.8980
26 231.8800 85.4600 46.1460
27 240.8000 85.1100 49.4450
28 249.4700 86.4300 43.3410
29 258.2100 85.8000 45.6730
30 267.0800 86.8800 41.9610
31 275.8200 86.0500 46.8850
32 284.5700 87.0300 42.1580
33 293.5500 87.4400 43.8640
34 302.3200 87.6900 42.7910
35 311.1900 88.0400 43.0500
36 320.1000 88.1800 43.5000
37 328.8200 87.6900 45.0330
38 337.7900 87.7500 44.4820
39 346.7300 88.0200 45.0470
40 355.4100 87.9300 44.6510
41 364.3300 88.2800 44.5470
42 373.2700 88.7700 44.5400
43 381.9900 88.7800 45.3740
44 390.7500 88.8600 45.5450
45 399.5100 88.8500 46.2190
46 408.3200 88.8700 45.9080
47 417.1900 88.9400 45.8490
48 426.0600 88.9400 45.8700
49 434.9900 89.0500 45.7980
50 443.9200 88.9300 45.5960
51 452.6400 89.0500 45.7000
52 461.3700 88.9800 45.8660
53 470.3200 88.9700 46.2320
54 479.0100 88.9700 46.1450
55 487.8100 89.1700 45.8860
56 496.5400 88.9300 46.1010
57 505.3300 89.0600 46.6900
58 514.0600 89.0700 47.4870
59 522.9800 88.9600 48.1150
60 531.6200 88.9600 49.0970
61 540.4500 88.7300 48.5390
62 549.2200 88.3500 51.2520
63 558.0600 87.9800 54.0910
64 566.9500 88.2700 49.2350
65 575.9000 87.8900 48.6040
66 584.6900 87.6600 49.0000
67 593.5000 87.0100 51.1570
68 602.2400 87.4300 49.1570
69 611.2000 87.2500 48.7980
70 620.1000 86.9300 50.0730
71 628.8200 87.0100 48.1350
72 637.6100 87.2500 46.7440
73 646.3900 86.0900 52.4150
74 655.1600 85.1200 56.0320
75 663.9900 86.1100 52.1520
76 672.8400 84.7300 55.9720
77 681.6100 85.1000 56.8250
78 690.4200 85.7200 53.8320
79 699.1900 86.2300 48.1950
80 707.9700 86.6700 47.2780
81 716.7400 85.4700 51.3920
82 725.5000 84.6300 56.4290
83 734.1500 86.3300 47.5770
84 742.8600 86.6400 45.9050
85 751.6600 86.7400 46.9930
86 760.4200 86.1300 49.3060
87 769.2600 86.3500 50.6180
88 778.1400 85.6900 54.9590
89 786.9200 86.9900 45.4940
90 795.6400 85.2800 52.1330
91 804.3700 87.7400 45.9060
92 813.1500 86.4600 47.8320
93 822.0400 87.2900 45.3310
94 831.0000 86.2900 48.5760
95 839.7100 86.6000 47.5790
96 848.4200 86.7100 49.3930
97 857.1800 86.4500 48.8560
98 866.0800 87.5300 45.8280
99 874.9400 87.0700 48.7380
100 883.7300 85.8400 55.7030
101 892.6000 87.4200 46.9100
102 901.4800 87.7600 48.6660
103 910.3000 87.6400 48.7770
104 919.1200 88.3100 46.8510
105 927.9200 87.9500 48.6390
106 936.9100 88.1800 46.2270
107 945.7200 87.8800 46.0510
108 954.4700 88.5800 46.7640
109 963.2900 86.1200 58.4670
110 972.1100 87.7800 52.0370
111 980.9300 88.0800 48.9920
112 989.7400 88.6400 50.6620
113 998.4800 88.5700 50.2060
114 1007.2400 88.0900 54.6240
115 1015.9900 88.6000 53.2310
116 1024.8100 88.9900 48.8650
117 1033.4700 88.3300 51.9790
118 1042.2600 89.0600 49.0900
119 1051.0200 89.2400 51.8850
120 1059.7600 89.6800 47.1490
121 1068.5600 90.0000 46.9720
122 1077.2900 89.4600 50.7280
123 1086.0700 89.6800 52.5890
124 1094.8300 90.2400 49.5750
125 1103.6100 90.2600 51.6180
126 1112.4700 90.4200 51.1350
127 1121.3600 90.3200 54.4050
128 1130.1500 90.4400 53.4700
129 1139.0100 90.7900 53.1060
130 1147.7200 90.9800 54.2340
131 1156.5600 90.8700 53.5770
132 1165.3800 90.8100 54.7380
133 1174.3000 90.6600 54.0080
134 1183.1300 91.0700 53.8210
135 1192.0800 91.3700 54.7880
136 1200.8700 91.4100 55.2290
137 1209.5800 91.5000 54.0190
138 1218.3600 91.5500 53.8570
139 1227.1600 91.6600 54.2900
140 1236.0000 91.4900 55.1720
141 1244.8400 91.6000 55.1900
142 1253.8200 91.3900 54.8730
143 1262.6100 91.5100 54.9510
144 1271.4200 91.4600 55.0240
145 1280.2800 91.5200 55.4570
146 1289.1800 91.5000 55.4400
147 1297.8200 91.4500 55.4010
148 1306.6300 91.5900 55.1030
149 1315.4000 91.4500 55.3860
150 1324.2500 91.5300 55.5820
151 1332.9800 91.5200 55.2650
152 1341.8700 91.5500 54.7790
153 1350.6300 91.5300 55.1220
154 1359.4700 91.5100 54.8350
155 1368.0900 91.4100 54.9010
156 1377.0200 91.4300 55.4160
157 1386.0100 91.5700 55.0460
158 1394.8000 91.4400 55.4320
159 1403.5500 91.4500 55.8150
160 1412.3400 91.5200 55.5330
161 1421.1100 91.5300 55.4420
162 1430.0300 91.5000 56.2460
163 1438.6900 91.5900 55.9800
164 1447.4900 91.5500 56.4230
165 1456.2400 91.5500 56.7050
166 1464.9400 91.4300 57.2580
167 1473.6700 91.3300 57.9260
168 1482.3800 91.4700 57.7530
169 1491.1400 91.3000 57.2270
170 1500.0200 91.2400 57.7610
171 1508.9100 90.9800 61.4820
172 1517.6800 90.8000 61.4400
173 1526.5600 90.8200 62.7090
174 1535.6200 89.9000 64.7490
175 1544.3700 90.2900 59.0590
176 1553.1700 90.1300 59.4610
177 1562.2200 89.6300 59.1420
178 1571.2500 90.0500 55.8160
179 1580.0900 90.1300 54.6990
180 1588.8800 89.3800 57.2340
181 1597.7500 89.8100 51.2860
182 1606.6000 88.9500 53.3420
183 1615.3700 89.6900 50.3750
184 1624.2300 88.5800 51.2740
185 1633.1200 88.8000 50.2760
186 1641.9100 89.1400 48.7620
187 1650.7800 88.1200 57.1840
188 1659.6000 88.0300 52.9660
189 1668.4500 86.5700 59.2200
190 1677.2800 87.6000 58.8830
191 1686.1000 88.0600 52.4890
192 1694.8800 88.7900 49.1860
193 1703.5900 88.3700 49.4900
194 1712.3900 88.0200 50.8140
195 1721.1400 88.7800 51.2230
196 1730.0100 88.0700 52.8900
197 1738.9400 88.3700 48.3220
198 1747.8600 88.5300 52.6260
199 1756.6700 88.7200 47.0990
200 1765.5800 88.5200 49.2160
201 1774.4500 89.4300 47.7920
202 1783.2700 87.2700 56.7050
203 1792.1500 88.4400 51.8370
204 1801.0600 88.0700 52.9600
205 1809.9300 89.2400 48.7680
206 1818.7300 88.3600 52.1250
207 1827.4000 88.5300 55.0900
208 1836.1900 89.3100 47.1290
209 1844.8300 89.9600 48.9330
210 1853.6200 88.7800 51.1150
211 1862.4100 89.4800 49.9930
212 1871.2100 89.3400 53.8840
213 1879.9900 89.1000 54.7740
214 1888.7300 90.1000 47.4900
215 1897.4500 88.6900 61.2680
216 1906.2700 89.9100 51.4700
217 1915.1500 89.7400 49.6200
218 1923.9300 90.1700 49.2560
219 1932.7400 89.3900 56.3390
220 1941.4600 90.1300 52.8200
221 1950.2900 90.5900 52.1700
222 1959.0900 90.6800 49.7550
223 1967.8600 90.4500 53.9970
224 1976.8200 90.8400 50.2690
225 1985.7400 90.7500 53.9500
226 1994.4800 90.8700 53.0340
227 2003.1500 90.9400 51.6020
228 2011.9100 91.0800 54.4080
229 2020.7100 91.1200 52.5670
230 2029.4600 91.1900 54.1650
231 2038.2400 91.4800 52.3820
232 2047.0300 91.5400 52.6830
233 2055.8800 91.6100 52.8980
234 2064.6500 91.7300 52.5620
235 2073.4000 91.8600 53.2880
236 2082.2800 91.8200 52.8720
237 2091.0000 91.7200 53.0770
238 2099.8100 91.9800 52.7050
239 2108.5600 91.9700 52.2880
240 2117.2800 91.8800 52.5720
241 2125.9700 91.8800 52.5420
242 2134.7600 91.9800 53.2870
243 2143.7500 91.9300 52.8590
244 2152.5900 91.9300 52.7070
245 2161.4800 91.8800 52.4100
246 2170.1800 91.9200 52.3170
247 2179.0200 91.8200 52.5450
248 2187.8500 91.9600 52.7080
249 2196.6800 91.9500 53.0320
250 2205.3800 91.8300 52.6300
251 2214.1400 91.8600 52.6440
252 2222.8300 91.8900 52.6270
253 2231.5200 91.8700 52.5120
254 2240.3500 91.9400 52.7830
255 2249.1100 91.7900 52.9310
256 2257.8900 91.8400 53.2990
257 2266.8100 91.9400 52.7070
258 2275.7100 91.9100 53.2350
259 2284.4700 91.9200 52.9030
260 2293.4500 91.8600 53.0650
261 2302.1700 91.8700 53.2720
262 2310.9500 91.9200 53.4450
263 2319.8200 91.9100 53.6950
264 2328.8200 91.8000 53.2550
265 2337.7400 91.8200 53.6630
266 2346.4800 91.8000 54.7260
267 2355.1700 91.6800 54.9130
268 2364.0100 91.6300 55.4900
269 2372.7800 91.7900 54.5720
270 2381.5200 91.7500 55.0580
271 2390.2900 91.6400 56.6380
272 2399.0300 91.5900 56.8600
273 2407.8000 91.6100 56.7210
274 2416.6600 91.6200 57.0150
275 2425.5200 91.2100 58.7800
276 2434.4300 91.1300 58.5860
277 2443.1600 90.3800 57.6040
278 2452.0300 89.6600 65.4120
279 2460.9300 90.4400 56.4810
280 2469.6600 89.8700 58.2000
281 2478.3900 89.8800 60.1810
282 2487.1500 90.0100 54.3140
283 2495.9900 89.8500 52.1500
284 2504.6700 89.4400 53.7530
285 2513.5400 88.5100 57.0810
286 2522.2900 87.7400 61.7360
287 2530.9300 89.5700 51.0530
288 2539.7100 90.0000 47.2980
289 2548.4300 88.9300 53.5200
290 2557.4400 89.2200 48.7630
291 2566.1200 88.2300 54.6260
292 2574.9000 88.1800 55.9000
293 2583.7300 89.2700 53.0100
294 2592.6600 88.5400 53.5830
295 2601.4900 88.4700 52.7660
296 2610.2700 88.7200 52.3500
297 2618.9900 88.3800 53.9040
298 2627.7700 89.0000 49.0750
299 2636.5300 88.9600 48.4530
300 2645.4400 87.6400 60.7040
301 2654.1700 88.9100 50.9110
302 2662.9800 89.7200 46.2820
303 2671.7000 89.5000 44.0310
304 2680.4800 89.0900 50.0650
305 2689.3100 88.2300 55.4420
306 2698.0100 88.8200 52.5560
307 2706.9400 89.9300 49.5040
308 2715.8400 90.0300 47.6240
309 2724.5800 89.2600 52.3530
310 2733.3700 89.8600 48.1260
311 2742.3600 88.7800 51.8440
312 2751.0900 89.7900 54.5500
313 2760.0300 88.1200 62.5580
314 2769.0000 90.0500 52.0640
315 2777.8300 89.9900 53.0560
316 2786.5800 90.2200 49.9410
317 2795.4900 90.3100 52.4500
318 2804.3300 90.4400 50.4690
319 2813.0800 89.7500 56.3730
320 2821.7600 90.4800 52.9690
321 2830.5600 90.4200 53.9330
322 2839.3200 90.8100 56.6060
323 2848.1200 91.1600 50.9260
324 2857.1000 90.9900 51.6200
325 2865.8100 91.1800 51.5770
326 2874.5700 91.4100 53.6080
327 2883.4500 91.5300 53.1070
328 2892.2800 91.6200 53.8840
329 2901.1600 91.7200 52.3850
330 2909.8300 91.4900 54.0180
331 2918.7600 91.7400 51.9510
332 2927.5400 91.8900 50.4850
333 2936.3400 91.9500 52.3390
334 2945.1800 92.2300 51.4390
335 2953.9600 92.1300 51.3560
336 2962.7600 92.0300 51.8670
337 2971.5800 91.9000 51.4020
338 2980.2400 92.1300 52.0860
339 2989.1100 92.2200 51.8250
340 2997.8600 92.1600 52.0670
341 3006.5700 92.1600 51.5940
342 3015.4200 92.1600 51.9420
343 3024.3400 92.0300 51.7810
344 3033.0700 92.2300 51.5620
345 3041.9600 92.1100 51.7810
346 3050.8500 92.1200 51.4780
347 3059.6400 92.0800 51.6150
348 3068.5200 92.0900 51.8530
349 3077.2500 92.1300 51.8730
350 3086.1600 92.1300 51.9040
351 3094.8900 92.0400 52.0520
352 3103.7100 92.1400 51.3380
353 3112.4900 92.1200 51.4620
354 3121.2900 92.0800 51.7000
355 3130.0500 92.1500 51.7680
356 3138.9300 92.0700 52.2880
357 3147.7200 92.1700 51.9310
358 3156.5400 92.1700 52.0250
359 3165.3200 92.1900 51.7200
360 3174.1100 92.0400 51.9480
361 3182.9400 92.0300 51.7580
362 3191.7800 92.0900 52.0430
363 3200.6600 92.0600 52.0180
364 3209.5000 92.0500 52.4580
365 3218.2300 92.1000 52.0830
366 3227.0900 92.1100 52.4410
367 3235.7500 92.1600 53.0470
368 3244.5200 92.1300 53.4710
369 3253.3000 91.9100 54.7480
370 3262.0800 92.0900 53.6180
371 3270.9100 92.1500 53.1020
372 3279.7700 91.8600 54.1400
373 3288.5600 91.8600 55.9850
374 3297.3000 91.4600 58.3220
375 3306.1200 91.6600 56.9090
376 3314.8500 91.6700 55.6050
377 3323.6900 91.3300 59.5230
378 3332.4300 91.0000 64.2570
379 3341.2600 90.3600 63.5000
380 3350.0100 90.6400 56.0450
381 3358.7000 90.9100 54.2410
382 3367.6200 90.3400 57.2400
383 3376.4100 89.6000 58.8230
384 3385.2100 90.2400 51.5900
385 3394.0100 90.4300 50.3600
386 3402.7500 90.1300 52.0860
387 3411.5100 90.2500 47.5230
388 3420.2100 89.4000 52.7890
389 3428.9800 89.6600 49.4750
390 3437.7800 89.4300 55.4020
391 3446.5800 89.2000 51.6730
392 3455.3600 89.7100 48.1110
393 3464.2600 89.6400 46.6980
394 3473.0900 89.0700 48.5190
395 3481.8200 89.1100 50.7640
396 3490.5400 88.6600 54.5790
397 3499.3700 88.3900 54.5830
398 3508.1200 88.6100 53.6070
399 3517.2200 89.8900 45.2240
400 3526.0400 89.2600 50.9080
401 3534.7700 88.6600 53.6350
402 3543.6700 90.5900 47.9310
403 3552.4900 89.1200 49.1410
404 3561.2000 89.6700 46.7900
405 3569.9700 89.4000 50.7380
406 3578.7700 89.6500 46.8730
407 3587.5100 89.9800 49.3260
408 3596.2400 90.5000 46.2150
409 3605.0400 90.2300 46.3710
410 3613.7400 89.6500 49.1290
411 3622.4200 89.8900 48.2950
412 3631.1700 89.2600 55.1300
413 3640.0400 89.9400 54.2670
414 3648.7300 90.3700 45.7550
415 3657.5000 90.4300 49.2710
416 3666.3400 90.4400 48.7510
417 3675.2600 90.1700 51.9350
418 3684.1100 90.3100 50.4250
419 3692.8600 90.7300 50.6460
420 3701.8300 90.9300 53.1980
421 3710.6400 90.9100 51.9870
422 3719.3200 91.1200 49.0770
423 3728.1600 91.1200 50.5340
424 3736.9800 91.4000 48.9230
425 3745.8200 91.3800 52.6330
426 3754.5700 91.4500 52.3240
427 3763.3900 91.0800 54.1140
428 3772.1600 91.6300 52.0810
429 3780.9100 91.9000 49.0210
430 3789.7100 92.0700 49.8000
431 3798.5500 92.2400 48.5280
432 3807.2900 92.2400 50.2400
433 3816.2100 92.0100 50.2060
434 3824.9400 91.9700 50.2440
435 3833.9300 92.1600 49.9870
436 3842.8800 92.2200 49.9740
437 3851.5900 92.2900 50.7720
438 3860.4200 92.2900 49.9600
439 3869.0800 92.2800 50.0120
440 3877.9300 92.3500 49.9080
441 3886.6300 92.2400 49.8650
442 3895.4300 92.2900 50.1780
443 3904.2900 92.1300 50.4340
444 3913.1800 92.2300 49.8910
445 3921.8200 92.2300 50.1290
446 3930.6600 92.2400 50.1900
447 3939.4300 92.2300 50.0410
448 3948.2900 92.3400 50.1390
449 3957.0700 92.3200 49.8610
450 3966.0300 92.2100 50.2040
451 3974.7400 92.4000 50.1350
452 3983.3700 92.3200 50.2430
453 3992.2600 92.2400 49.6740
454 4001.1500 92.2600 50.0620
455 4010.0700 92.2900 49.4540
456 4019.1300 92.2300 50.0700
457 4028.0400 92.3200 49.8740
458 4037.2600 92.2500 50.1030
459 4046.3100 92.2500 50.0550
460 4055.3600 92.1700 50.7100
461 4064.2900 92.2300 50.6300
462 4073.4000 92.2400 50.6940
463 4082.4800 92.1400 49.7660
464 4091.5300 92.1400 50.5950
465 4100.5400 92.0100 51.2840
466 4109.6300 92.2100 50.8460
467 4118.6300 92.1700 50.2220
468 4127.7300 92.2500 51.6440
469 4136.7900 92.2100 52.3150
470 4145.7600 92.3800 51.0770
471 4154.7900 92.3100 52.2080
472 4163.7700 92.1200 53.9670
473 4172.7600 92.1300 54.8610
474 4181.7100 92.1500 54.7020
475 4190.8000 91.7900 56.1500
476 4199.7500 91.8800 55.5540
477 4208.7000 91.7900 55.6280
478 4217.7400 91.6300 54.0880
479 4226.7100 90.7500 60.0300
480 4235.8100 91.1100 53.2000
481 4244.7900 90.6100 55.7480
482 4253.8500 90.8000 57.2110
483 4262.7900 90.2300 52.3150
484 4271.7500 89.2300 55.2340
485 4280.7300 89.7600 53.5390
486 4289.7000 89.6200 54.8870
487 4298.7300 89.2400 57.7880
488 4307.5800 89.1700 53.2600
489 4316.6600 89.6500 52.0850
490 4325.7200 90.1200 48.3910
491 4334.7300 89.3400 52.1170
492 4343.7500 88.9000 55.2310
493 4352.7600 89.0500 52.9880
494 4361.8700 88.3900 58.1940
495 4371.1000 89.5600 50.0410
496 4380.0400 89.4800 45.3360
497 4389.0900 88.8000 51.3980
498 4398.3000 89.4100 49.9090
499 4407.2600 88.0500 56.4650
500 4416.1900 89.0800 49.8790
501 4425.1300 89.7200 46.4460
502 4434.2200 88.1200 55.7670
503 4443.2500 89.8500 47.8780
504 4452.2700 89.3600 51.8400
505 4461.2400 88.5400 61.4390
506 4470.2200 89.0300 54.3270
507 4479.3200 89.9300 50.5100
508 4488.3900 89.8200 49.8710
509 4497.3900 89.6000 49.4230
510 4506.5200 89.7700 51.7840
511 4515.5300 90.1700 49.8220
512 4524.6200 90.2800 53.0890
513 4533.8300 90.4200 50.2760
514 4543.0700 89.8600 50.3110
515 4552.0800 90.4100 49.6310
516 4561.2400 90.4800 48.0420
517 4570.3500 89.5700 52.6600
518 4579.3200 90.8200 51.0520
519 4588.3200 91.2800 48.1810
520 4597.2600 91.1600 48.6240
521 4606.2500 91.0600 51.1310
522 4615.2800 91.3200 54.5430
523 4624.2500 91.6500 48.6740
524 4633.3100 91.5300 51.3800
525 4642.4300 91.9800 49.2010
526 4651.2800 91.2800 51.9980
527 4660.3800 91.8500 49.2120
528 4669.3400 92.1400 47.1860
529 4678.4400 91.9500 48.9320
530 4687.3800 92.1600 47.8480
531 4696.2900 92.2500 48.5320
532 4705.4400 92.4000 48.3050
533 4714.3700 92.5000 47.9580
534 4723.2900 92.2900 47.4540
535 4732.2500 92.3800 47.8140
536 4741.2200 92.4400 47.1660
537 4750.1500 92.3800 47.9480
538 4759.0600 92.4300 48.0290
539 4768.0500 92.4600 48.0330
540 4776.9500 92.5000 47.7880
541 4786.0300 92.5100 47.8930
542 4795.0100 92.5100 47.3040
543 4803.9000 92.5200 47.6740
544 4813.0400 92.5000 47.5800
545 4821.9800 92.4200 48.0100
546 4830.8500 92.5500 47.5460
547 4839.7500 92.5400 47.4440
548 4848.5600 92.5400 47.3420
549 4857.3100 92.4500 47.8270
550 4865.9900 92.4600 47.6000
551 4874.7200 92.5300 47.9090
552 4883.6100 92.5500 47.4130
553 4892.4200 92.4800 47.6940
554 4901.2200 92.5700 47.6160
555 4910.2900 92.6000 47.7400
556 4919.1100 92.5400 47.6960
557 4927.9700 92.5600 47.7230
558 4936.6700 92.4700 47.7970
559 4945.4900 92.5100 48.1990
560 4954.2600 92.4700 47.8180
561 4963.1300 92.6200 47.6310
562 4972.0800 92.5700 48.2410
563 4980.8700 92.5000 48.7850
564 4989.6100 92.4300 48.3300
565 4998.5600 92.4900 48.7170
566 5007.3000 92.6000 48.2310
567 5016.0600 92.4900 48.2890
568 5024.7900 92.5400 48.5560
569 5033.6600 92.5800 49.9000
570 5042.5900 92.5000 49.9990
571 5051.4000 92.5000 50.2200
572 5060.1900 92.4300 51.6860
573 5069.0600 92.3600 51.1390
574 5077.8200 92.4100 52.7600
575 5086.5700 92.0100 52.3180
576 5095.4500 91.8800 53.3670
577 5104.2300 91.3200 54.0630
578 5113.0500 91.2200 55.6350
579 5121.9400 90.8300 56.3440
580 5130.8200 91.0600 52.9340
581 5139.5800 90.5100 56.0960
582 5148.3200 90.5700 49.5030
583 5157.1200 89.8300 55.7390
584 5165.9900 89.9400 55.1200
585 5174.8400 89.8800 57.4600
586 5183.7400 90.4400 52.0340
587 5192.6300 90.6200 49.2880
588 5201.4100 89.6800 52.3020
589 5210.4300 89.5000 52.3760
590 5219.3700 89.5000 48.5240
591 5228.1100 88.8800 54.0720
592 5237.0100 88.8500 57.2860
593 5245.7600 88.8500 55.7090
594 5254.4600 88.6100 54.7330
595 5263.1900 89.1100 56.2710
596 5272.0400 89.3000 51.7260
597 5280.8200 88.8400 54.5540
598 5289.6500 90.6500 46.0850
599 5298.3200 89.1000 51.0050
600 5307.0900 89.2900 47.2960
