1 30.4000 10.0000 nan
2 54.8800 10.0000 nan
3 79.3700 10.0000 nan
4 103.8500 10.0000 nan
5 128.2900 10.0000 nan
6 152.7100 10.0000 nan
7 177.1800 10.0000 nan
8 201.6200 10.0000 nan
9 226.0700 10.0000 nan
10 250.4900 10.0000 nan
11 274.7700 10.0000 nan
12 299.2000 10.0000 nan
13 323.6500 10.0000 nan
14 348.1500 10.0000 nan
15 372.5800 10.0000 nan
16 397.0200 10.0000 nan
17 421.4200 10.0000 nan
18 445.8300 10.0000 nan
19 470.2500 10.0000 nan
20 494.7000 10.0000 nan
21 519.1300 10.0000 nan
22 543.4600 10.0000 nan
23 567.8000 10.0000 nan
24 592.2400 10.0000 nan
25 616.7000 10.0000 nan
26 641.1300 10.0000 nan
27 665.5400 10.0000 nan
28 689.9700 10.0000 nan
29 714.4300 10.0000 nan
30 738.8800 10.0000 nan
31 763.3400 10.0000 nan
32 787.7800 10.0000 nan
33 812.2300 10.0000 nan
34 836.5300 10.0000 nan
35 860.9700 10.0000 nan
36 885.4500 10.0000 nan
37 909.8700 10.0000 nan
38 934.3300 10.0000 nan
39 958.7900 10.0000 nan
40 983.2400 10.0000 nan
41 1007.7200 10.0000 nan
42 1032.2000 10.0000 nan
43 1056.6700 10.0000 nan
44 1081.1400 10.0000 nan
45 1105.5900 10.0000 nan
46 1129.9100 10.0000 nan
47 1154.3600 10.0000 nan
48 1178.8100 10.0000 nan
49 1203.2700 10.0000 nan
50 1227.7000 10.0000 nan
51 1252.1600 10.0000 nan
52 1276.6400 10.0000 nan
53 1301.1000 10.0000 nan
54 1325.5900 10.0000 nan
55 1350.0300 10.0000 nan
56 1374.5400 10.0000 nan
57 1398.9000 10.0000 nan
58 1423.2400 10.0000 nan
59 1447.6800 10.0000 nan
60 1472.1500 10.0000 nan
61 1496.5900 10.0000 nan
62 1521.0400 10.0000 nan
63 1545.5200 10.0000 nan
64 1569.9700 10.0000 nan
65 1594.4100 10.0000 nan
66 1618.8800 10.0000 nan
67 1643.3400 10.0000 nan
68 1667.7700 10.0000 nan
69 1692.1100 10.0000 nan
70 1716.5300 10.0000 nan
71 1741.0100 10.0000 nan
72 1765.4500 10.0000 nan
73 1789.8600 10.0000 nan
74 1814.3400 10.0000 nan
75 1838.8200 10.0000 nan
76 1863.2200 10.0000 nan
77 1887.7200 10.0000 nan
78 1912.1500 10.0000 nan
79 1936.6000 10.0000 nan
80 1961.0400 10.0000 nan
81 1985.3200 10.0000 nan
82 2009.7400 10.0000 nan
83 2034.1800 10.0000 nan
84 2058.6500 10.0000 nan
85 2083.1100 10.0000 nan
86 2107.5200 10.0000 nan
87 2131.9600 10.0000 nan
88 2156.4000 10.0000 nan
89 2180.8000 10.0000 nan
90 2205.2600 10.0000 nan
91 2229.6700 10.0000 nan
92 2254.0400 10.0000 nan
93 2278.3700 10.0000 nan
94 2302.8700 10.0000 nan
95 2327.3300 10.0000 nan
96 2351.7900 10.0000 nan
97 2376.2400 10.0000 nan
98 2400.7000 10.0000 nan
99 2425.1400 10.0000 nan
100 2449.5600 10.0000 nan
101 2474.0300 10.0000 nan
102 2498.4800 10.0000 nan
103 2522.9200 10.0000 nan
104 2547.2000 10.0000 nan
105 2571.6300 10.0000 nan
106 2596.0600 10.0000 nan
107 2620.5200 10.0000 nan
108 2644.9500 10.0000 nan
109 2669.3700 10.0000 nan
110 2693.8100 10.0000 nan
111 2718.2600 10.0000 nan
112 2742.7000 10.0000 nan
113 2767.1300 10.0000 nan
114 2791.5500 10.0000 nan
115 2815.9600 10.0000 nan
116 2840.2900 10.0000 nan
117 2864.7100 10.0000 nan
118 2889.1700 10.0000 nan
119 2913.6200 10.0000 nan
120 2938.0600 10.0000 nan
121 2962.4800 10.0000 nan
122 2986.9200 10.0000 nan
123 3011.3300 10.0000 nan
124 3035.7300 10.0000 nan
125 3060.1300 10.0000 nan
126 3084.5700 10.0000 nan
127 3108.8500 10.0000 nan
128 3133.2800 10.0000 nan
129 3157.7000 10.0000 nan
130 3182.1400 10.0000 nan
131 3206.6100 10.0000 nan
132 3231.0200 10.0000 nan
133 3255.4900 10.0000 nan
134 3279.9200 10.0000 nan
135 3304.3500 10.0000 nan
136 3328.7800 10.0000 nan
137 3353.2100 10.0000 nan
138 3377.5800 10.0000 nan
139 3401.8800 10.0000 nan
140 3426.2900 10.0000 nan
141 3450.6700 10.0000 nan
142 3475.0800 10.0000 nan
143 3499.4900 10.0000 nan
144 3523.9100 10.0000 nan
145 3548.3400 10.0000 nan
146 3572.7700 10.0000 nan
147 3597.2000 10.0000 nan
148 3621.6200 10.0000 nan
149 3646.0400 10.0000 nan
150 3670.3400 10.0000 nan
151 3694.8200 10.0000 nan
152 3719.2300 10.0000 nan
153 3743.6500 10.0000 nan
154 3768.0700 10.0000 nan
155 3792.5600 10.0000 nan
156 3816.9800 10.0000 nan
157 3841.3900 10.0000 nan
158 3865.8500 10.0000 nan
159 3890.3000 10.0000 nan
160 3914.7300 10.0000 nan
161 3939.1000 10.0000 nan
162 3963.4300 10.0000 nan
163 3987.9000 10.0000 nan
164 4012.3700 10.0000 nan
165 4036.7600 10.0000 nan
166 4061.1900 10.0000 nan
167 4085.6200 10.0000 nan
168 4110.0300 10.0000 nan
169 4134.4800 10.0000 nan
170 4158.9400 10.0000 nan
171 4183.3700 10.0000 nan
172 4207.8000 10.0000 nan
173 4232.1000 10.0000 nan
174 4256.5400 10.0000 nan
175 4281.0100 10.0000 nan
176 4305.4300 10.0000 nan
177 4329.8900 10.0000 nan
178 4354.3500 10.0000 nan
179 4378.8200 10.0000 nan
180 4403.2600 10.0000 nan
181 4427.7000 10.0000 nan
182 4452.1800 10.0000 nan
183 4476.6200 10.0000 nan
184 4501.0900 10.0000 nan
185 4525.3800 10.0000 nan
186 4549.8200 10.0000 nan
187 4574.2300 10.0000 nan
188 4598.7200 10.0000 nan
189 4623.1500 10.0000 nan
190 4647.5600 10.0000 nan
191 4671.9900 10.0000 nan
192 4696.4200 10.0000 nan
193 4720.8300 10.0000 nan
194 4745.2600 10.0000 nan
195 4769.7000 10.0000 nan
196 4794.0600 10.0000 nan
197 4818.4100 10.0000 nan
198 4842.8400 10.0000 nan
199 4867.2800 10.0000 nan
200 4891.7200 10.0000 nan
201 4916.1700 10.0000 nan
202 4940.6300 10.0000 nan
203 4965.0700 10.0000 nan
204 4989.5000 10.0000 nan
205 5013.9300 10.0000 nan
206 5038.4000 10.0000 nan
207 5062.8000 10.0000 nan
208 5087.0600 10.0000 nan
209 5111.5400 10.0000 nan
210 5136.0300 10.0000 nan
211 5160.4900 10.0000 nan
212 5184.9300 10.0000 nan
213 5209.3700 10.0000 nan
214 5233.8400 10.0000 nan
215 5258.2900 10.0000 nan
216 5282.7200 10.0000 nan
217 5307.1800 10.0000 nan
218 5331.6200 10.0000 nan
219 5356.1200 10.0000 nan
220 5380.4500 10.0000 nan
221 5404.9400 10.0000 nan
222 5429.3700 10.0000 nan
223 5453.8500 10.0000 nan
224 5478.3200 10.0000 nan
225 5502.7900 10.0000 nan
226 5527.2500 10.0000 nan
227 5551.7300 10.0000 nan
228 5576.2100 10.0000 nan
229 5600.6700 10.0000 nan
230 5625.0900 10.0000 nan
231 5649.4900 10.0000 nan
232 5673.8400 10.0000 nan
233 5698.3200 10.0000 nan
234 5722.7400 10.0000 nan
235 5747.2100 10.0000 nan
236 5771.6900 10.0000 nan
237 5796.1300 10.0000 nan
238 5820.5800 10.0000 nan
239 5845.0400 10.0000 nan
240 5869.4900 10.0000 nan
241 5893.9500 10.0000 nan
242 5918.4200 10.0000 nan
243 5942.8000 10.0000 nan
244 5967.1600 10.0000 nan
245 5991.6000 10.0000 nan
246 6016.0700 10.0000 nan
247 6040.5200 10.0000 nan
248 6064.9700 10.0000 nan
249 6089.4000 10.0000 nan
250 6113.8700 10.0000 nan
251 6138.3100 10.0000 nan
252 6162.7500 10.0000 nan
253 6187.2200 10.0000 nan
254 6211.6900 10.0000 nan
255 6236.0200 10.0000 nan
256 6260.4800 10.0000 nan
257 6284.9800 10.0000 nan
258 6309.4500 10.0000 nan
259 6333.8900 10.0000 nan
260 6358.3900 10.0000 nan
261 6382.8500 10.0000 nan
262 6407.2700 10.0000 nan
263 6431.6800 10.0000 nan
264 6456.1500 10.0000 nan
265 6480.6000 10.0000 nan
266 6505.0900 10.0000 nan
267 6529.4100 10.0000 nan
268 6553.8400 10.0000 nan
269 6578.2900 10.0000 nan
270 6602.7600 10.0000 nan
271 6627.2200 10.0000 nan
272 6651.7000 10.0000 nan
273 6676.1300 10.0000 nan
274 6700.6000 10.0000 nan
275 6725.0900 10.0000 nan
276 6749.5300 10.0000 nan
277 6773.9800 10.0000 nan
278 6798.3900 10.0000 nan
279 6822.7100 10.0000 nan
280 6847.1400 10.0000 nan
281 6871.5600 10.0000 nan
282 6895.9500 10.0000 nan
283 6920.3900 10.0000 nan
284 6944.8000 10.0000 nan
285 6969.2500 10.0000 nan
286 6993.7100 10.0000 nan
287 7018.1400 10.0000 nan
288 7042.5800 10.0000 nan
289 7067.0100 10.0000 nan
290 7091.3100 10.0000 nan
291 7115.7100 10.0000 nan
292 7140.1600 10.0000 nan
293 7164.5800 10.0000 nan
294 7189.0300 10.0000 nan
295 7213.4600 10.0000 nan
296 7237.9300 10.0000 nan
297 7262.3500 10.0000 nan
298 7286.7900 10.0000 nan
299 7311.2000 10.0000 nan
300 7335.6800 10.0000 nan
301 7360.1600 10.0000 nan
302 7384.4200 10.0000 nan
303 7408.8300 10.0000 nan
304 7433.2900 10.0000 nan
305 7457.7600 10.0000 nan
306 7482.1900 10.0000 nan
307 7506.5800 10.0000 nan
308 7531.0200 10.0000 nan
309 7555.4000 10.0000 nan
310 7579.8100 10.0000 nan
311 7604.2800 10.0000 nan
312 7628.7100 10.0000 nan
313 7653.0600 10.0000 nan
314 7677.3700 10.0000 nan
315 7701.7800 10.0000 nan
316 7726.2600 10.0000 nan
317 7750.7300 10.0000 nan
318 7775.1900 10.0000 nan
319 7799.6100 10.0000 nan
320 7824.0600 10.0000 nan
321 7848.4700 10.0000 nan
322 7872.9200 10.0000 nan
323 7897.3600 10.0000 nan
324 7921.8100 10.0000 nan
325 7946.0600 10.0000 nan
326 7970.4800 10.0000 nan
327 7994.9500 10.0000 nan
328 8019.3600 10.0000 nan
329 8043.7600 10.0000 nan
330 8068.1800 10.0000 nan
331 8092.5900 10.0000 nan
332 8117.0500 10.0000 nan
333 8141.5200 10.0000 nan
334 8165.9900 10.0000 nan
335 8190.4700 10.0000 nan
336 8214.8500 10.0000 nan
337 8239.2100 10.0000 nan
338 8263.6900 10.0000 nan
339 8288.1200 10.0000 nan
340 8312.5500 10.0000 nan
341 8337.0000 10.0000 nan
342 8361.4400 10.0000 nan
343 8385.8500 10.0000 nan
344 8410.3100 10.0000 nan
345 8434.7600 10.0000 nan
346 8459.1700 10.0000 nan
347 8483.6100 10.0000 nan
348 8507.9000 10.0000 nan
349 8532.3300 10.0000 nan
350 8556.8000 10.0000 nan
351 8581.2600 10.0000 nan
352 8605.7200 10.0000 nan
353 8630.1800 10.0000 nan
354 8654.6400 10.0000 nan
355 8679.1100 10.0000 nan
356 8703.5400 10.0000 nan
357 8728.0200 10.0000 nan
358 8752.4500 10.0000 nan
359 8776.9500 10.0000 nan
360 8801.2600 10.0000 nan
361 8825.7300 10.0000 nan
362 8850.2000 10.0000 nan
363 8874.6600 10.0000 nan
364 8899.1000 10.0000 nan
365 8923.5400 10.0000 nan
366 8948.0100 10.0000 nan
367 8972.4300 10.0000 nan
368 8996.8500 10.0000 nan
369 9021.3100 10.0000 nan
370 9045.7400 10.0000 nan
371 9070.1600 10.0000 nan
372 9094.5200 10.0000 nan
373 9119.0100 10.0000 nan
374 9143.4600 10.0000 nan
375 9167.9300 10.0000 nan
376 9192.3800 10.0000 nan
377 9216.7900 10.0000 nan
378 9241.2200 10.0000 nan
379 9265.6200 10.0000 nan
380 9290.0700 10.0000 nan
381 9314.4900 10.0000 nan
382 9338.9000 10.0000 nan
383 9363.2200 10.0000 nan
384 9387.6700 10.0000 nan
385 9412.0800 10.0000 nan
386 9436.5300 10.0000 nan
387 9460.9900 10.0000 nan
388 9485.4500 10.0000 nan
389 9509.9000 10.0000 nan
390 9534.3800 10.0000 nan
391 9558.8300 10.0000 nan
392 9583.2600 10.0000 nan
393 9607.7000 10.0000 nan
394 9632.1400 10.0000 nan
395 9656.4000 10.0000 nan
396 9680.8300 10.0000 nan
397 9705.2500 10.0000 nan
398 9729.7100 10.0000 nan
399 9754.1500 10.0000 nan
400 9778.5900 10.0000 nan
401 9803.0500 10.0000 nan
402 9827.4900 10.0000 nan
403 9851.9400 10.0000 nan
404 9876.4000 10.0000 nan
405 9900.8500 10.0000 nan
406 9925.2400 10.0000 nan
407 9949.5600 10.0000 nan
408 9974.0000 10.0000 nan
409 9998.4500 10.0000 nan
410 10022.9300 10.0000 nan
411 10047.3800 10.0000 nan
412 10071.8600 10.0000 nan
413 10096.3100 10.0000 nan
414 10120.7500 10.0000 nan
415 10145.1700 10.0000 nan
416 10169.6300 10.0000 nan
417 10194.0600 10.0000 nan
418 10218.4500 10.0000 nan
419 10242.8500 10.0000 nan
420 10267.3100 10.0000 nan
421 10291.7700 10.0000 nan
422 10316.2100 10.0000 nan
423 10340.6400 10.0000 nan
424 10365.0700 10.0000 nan
425 10389.5300 10.0000 nan
426 10413.9800 10.0000 nan
427 10438.4300 10.0000 nan
428 10462.8800 10.0000 nan
429 10487.3400 10.0000 nan
430 10511.6500 10.0000 nan
431 10536.0600 10.0000 nan
432 10560.5100 10.0000 nan
433 10584.9700 10.0000 nan
434 10609.4600 10.0000 nan
435 10633.9100 10.0000 nan
436 10658.3800 10.0000 nan
437 10682.8200 10.0000 nan
438 10707.2700 10.0000 nan
439 10731.7200 10.0000 nan
440 10756.1500 10.0000 nan
441 10780.5900 10.0000 nan
442 10804.8700 10.0000 nan
443 10829.3300 10.0000 nan
444 10853.7600 10.0000 nan
445 10878.2200 10.0000 nan
446 10902.6500 10.0000 nan
447 10927.0900 10.0000 nan
448 10951.5500 10.0000 nan
449 10976.0400 10.0000 nan
450 11000.5000 10.0000 nan
451 11024.9700 10.0000 nan
452 11049.4700 10.0000 nan
453 11073.9000 10.0000 nan
454 11098.2800 10.0000 nan
455 11122.7500 10.0000 nan
456 11147.1900 10.0000 nan
457 11171.6600 10.0000 nan
458 11196.1200 10.0000 nan
459 11220.5700 10.0000 nan
460 11245.0500 10.0000 nan
461 11269.4900 10.0000 nan
462 11293.9000 10.0000 nan
463 11318.3500 10.0000 nan
464 11342.7700 10.0000 nan
465 11367.0800 10.0000 nan
466 11391.4800 10.0000 nan
467 11415.8900 10.0000 nan
468 11440.3700 10.0000 nan
469 11464.8500 10.0000 nan
470 11489.3000 10.0000 nan
471 11513.7300 10.0000 nan
472 11538.1600 10.0000 nan
473 11562.5600 10.0000 nan
474 11587.0600 10.0000 nan
475 11611.5000 10.0000 nan
476 11635.9300 10.0000 nan
477 11660.2200 10.0000 nan
478 11684.6400 10.0000 nan
479 11709.0700 10.0000 nan
480 11733.5000 10.0000 nan
481 11757.9600 10.0000 nan
482 11782.3900 10.0000 nan
483 11806.8500 10.0000 nan
484 11831.2900 10.0000 nan
485 11855.7200 10.0000 nan
486 11880.1900 10.0000 nan
487 11904.6100 10.0000 nan
488 11928.9200 10.0000 nan
489 11953.3100 10.0000 nan
490 11977.7500 10.0000 nan
491 12002.2100 10.0000 nan
492 12026.6600 10.0000 nan
493 12051.1000 10.0000 nan
494 12075.5200 10.0000 nan
495 12099.9800 10.0000 nan
496 12124.4400 10.0000 nan
497 12148.9000 10.0000 nan
498 12173.3400 10.0000 nan
499 12197.7900 10.0000 nan
500 12222.0300 10.0000 nan
501 12246.4800 10.0000 nan
502 12270.9200 10.0000 nan
503 12295.3600 10.0000 nan
504 12319.8000 10.0000 nan
505 12344.2400 10.0000 nan
506 12368.6500 10.0000 nan
507 12393.0900 10.0000 nan
508 12417.5400 10.0000 nan
509 12442.0100 10.0000 nan
510 12466.4400 10.0000 nan
511 12490.8000 10.0000 nan
512 12515.1700 10.0000 nan
513 12539.6200 10.0000 nan
514 12564.0600 10.0000 nan
515 12588.4900 10.0000 nan
516 12612.9300 10.0000 nan
517 12637.3700 10.0000 nan
518 12661.8300 10.0000 nan
519 12686.2600 10.0000 nan
520 12710.6900 10.0000 nan
521 12735.1300 10.0000 nan
522 12759.6000 10.0000 nan
523 12783.8500 10.0000 nan
524 12808.2900 10.0000 nan
525 12832.7200 10.0000 nan
526 12857.2000 10.0000 nan
527 12881.6600 10.0000 nan
528 12906.1200 10.0000 nan
529 12930.5400 10.0000 nan
530 12955.0400 10.0000 nan
531 12979.4900 10.0000 nan
532 13003.9500 10.0000 nan
533 13028.3800 10.0000 nan
534 13052.8100 10.0000 nan
535 13077.1300 10.0000 nan
536 13101.5800 10.0000 nan
537 13126.0300 10.0000 nan
538 13150.4800 10.0000 nan
539 13174.9100 10.0000 nan
540 13199.3700 10.0000 nan
541 13223.8000 10.0000 nan
542 13248.2800 10.0000 nan
543 13272.7100 10.0000 nan
544 13297.1600 10.0000 nan
545 13321.5900 10.0000 nan
546 13345.9600 10.0000 nan
547 13370.3200 10.0000 nan
548 13394.7600 10.0000 nan
549 13419.2300 10.0000 nan
550 13443.6800 10.0000 nan
551 13468.1100 10.0000 nan
552 13492.5800 10.0000 nan
553 13517.0400 10.0000 nan
554 13541.4400 10.0000 nan
555 13565.9300 10.0000 nan
556 13590.3900 10.0000 nan
557 13614.8500 10.0000 nan
558 13639.1100 10.0000 nan
559 13663.5400 10.0000 nan
560 13688.0000 10.0000 nan
561 13712.4100 10.0000 nan
562 13736.8600 10.0000 nan
563 13761.2900 10.0000 nan
564 13785.7400 10.0000 nan
565 13810.1800 10.0000 nan
566 13834.6100 10.0000 nan
567 13859.0300 10.0000 nan
568 13883.4500 10.0000 nan
569 13907.8900 10.0000 nan
570 13932.2100 10.0000 nan
571 13956.6600 10.0000 nan
572 13981.0900 10.0000 nan
573 14005.5300 10.0000 nan
574 14029.9700 10.0000 nan
575 14054.4500 10.0000 nan
576 14078.9500 10.0000 nan
577 14103.4700 10.0000 nan
578 14127.8900 10.0000 nan
579 14152.3300 10.0000 nan
580 14176.8000 10.0000 nan
581 14201.1800 10.0000 nan
582 14225.5400 10.0000 nan
583 14249.9900 10.0000 nan
584 14274.4500 10.0000 nan
585 14298.9100 10.0000 nan
586 14323.3900 10.0000 nan
587 14347.8400 10.0000 nan
588 14372.2900 10.0000 nan
589 14396.7100 10.0000 nan
590 14421.2300 10.0000 nan
591 14445.6800 10.0000 nan
592 14470.1400 10.0000 nan
593 14494.4600 10.0000 nan
594 14518.9100 10.0000 nan
595 14543.3400 10.0000 nan
596 14567.8600 10.0000 nan
597 14592.3100 10.0000 nan
598 14616.7400 10.0000 nan
599 14641.2100 10.0000 nan
600 14665.6400 10.0000 nan
